2.292558562605334860e+00 9.470543231266463635e-02
2.287985504683433646e+00 1.107865311186955609e-01
2.283430671918146082e+00 1.315301580909058188e-01
2.278893955610755473e+00 1.589277338752327073e-01
2.274375247925234156e+00 1.961539752303187445e-01
2.269874441879701443e+00 2.485168616296233035e-01
2.265391431337982819e+00 3.254238236647908344e-01
2.260926111001269501e+00 4.448083396358621933e-01
2.256478376399877916e+00 6.442031986183505143e-01
2.252048123885104669e+00 1.012426494733862814e+00
2.247635250621177416e+00 1.797199641360077482e+00
2.243239654577299014e+00 3.846525132559779792e+00
2.238861234519790244e+00 1.004887917893043614e+01
2.234499890004316924e+00 1.321615962155684798e+01
2.230155521368213378e+00 5.304519872700938166e+00
2.225828029722893397e+00 2.285251673361494262e+00
2.221517316946347798e+00 1.216869406461564385e+00
2.217223285675732125e+00 7.466237168372136246e-01
2.212945839300040074e+00 5.030336460488153971e-01
2.208684881952858170e+00 3.617381359801919993e-01
2.204440318505206164e+00 2.728463491201550406e-01
2.200212054558461361e+00 2.134301919858680174e-01
2.195999996437361990e+00 1.718160696953115185e-01
2.191804051183092739e+00 1.415704914538781778e-01
2.187624126546445780e+00 1.189178806353416995e-01
2.183460130981067060e+00 1.015266030692102417e-01
2.179311973636770539e+00 8.789476533223994359e-02
2.175179564352935913e+00 7.702008734345158758e-02
2.171062813651977397e+00 6.821324250687710311e-02
2.166961632732889775e+00 6.098767721941411590e-02
2.162875933464862399e+00 5.499212365222008736e-02
2.158805628380971342e+00 4.996791295610483741e-02
2.154750630671939060e+00 4.572120366752155385e-02
2.150710854179963327e+00 4.210445827877515312e-02
2.146686213392620335e+00 3.900381142201186924e-02
2.142676623436831296e+00 3.633028312734729731e-02
2.138682000072897438e+00 3.401355656873240874e-02
2.134702259688605608e+00 3.199750007723597967e-02
2.130737319293392940e+00 3.023689686357499198e-02
2.126787096512584352e+00 2.869502465856919177e-02
2.122851509581685114e+00 2.734184247762741840e-02
2.118930477340746243e+00 2.615261709397222536e-02
2.115023919228783189e+00 2.510687207517912911e-02
2.111131755278264244e+00 2.418757630145991835e-02
2.107253906109652686e+00 2.338051231077931461e-02
2.103390292926016425e+00 2.267378115154448232e-02
2.099540837507686941e+00 2.205741196422696809e-02
2.095705462206989722e+00 2.152305276862923750e-02
2.091884089943018221e+00 2.106372491099005664e-02
2.088076644196477982e+00 2.067362800637065345e-02
2.084283049004576505e+00 2.034798546433943742e-02
2.080503228955977946e+00 2.008292313506606502e-02
2.076737109185803121e+00 1.987537548811612459e-02
2.072984615370691674e+00 1.972301520242139214e-02
2.069245673723915324e+00 1.962420322422298372e-02
2.065520210990539951e+00 1.957795733200992302e-02
2.061808154442647201e+00 1.958393810625603040e-02
2.058109431874600936e+00 1.964245199833779612e-02
2.054423971598368759e+00 1.975447198346178684e-02
2.050751702438891044e+00 1.992167712327831686e-02
2.047092553729501940e+00 2.014651331791860941e-02
2.043446455307397436e+00 2.043227867036356490e-02
2.039813337509153612e+00 2.078323831611437675e-02
2.036193131166291082e+00 2.120477541998619028e-02
2.032585767600885607e+00 2.170358749323691647e-02
2.028991178621229796e+00 2.228794050033783974e-02
2.025409296517537427e+00 2.296799778670453526e-02
2.021840054057689517e+00 2.375624723023488094e-02
2.018283384483035903e+00 2.466805904699342217e-02
2.014739221504230127e+00 2.572241965619184723e-02
2.011207499297114953e+00 2.694290593412979745e-02
2.007688152498646517e+00 2.835899221965742026e-02
2.004181116202867763e+00 3.000782465007379926e-02
2.000686325956915201e+00 3.193666212350732697e-02
1.997203717757075392e+00 3.420628432893898369e-02
1.993733228044877404e+00 3.689582873228294813e-02
1.990274793703229905e+00 4.010978214687264953e-02
1.986828352052593116e+00 4.398829452283881114e-02
1.983393840847198275e+00 4.872274469372032957e-02
1.979971198271296640e+00 5.457984419078899113e-02
1.976560362935457338e+00 6.194006696875867940e-02
1.973161273872894306e+00 7.136099757096477092e-02
1.969773870535838745e+00 8.368585431063431390e-02
1.966398092791942886e+00 1.002379468097996246e-01
1.963033880920725283e+00 1.231881168705264012e-01
1.959681175610049175e+00 1.562946904817475169e-01
1.956339917952639285e+00 2.065139308339594970e-01
1.953010049442631901e+00 2.878603965241370299e-01
1.949691511972163838e+00 4.318657239932019443e-01
1.946384247827991132e+00 7.207289315357545689e-01
1.943088199688147055e+00 1.414441501187367667e+00
1.939803310618630316e+00 3.479997622809646529e+00
1.936529524070128572e+00 7.292621516128652281e+00
1.933266783874776351e+00 3.854657547461550759e+00
1.930015034242941629e+00 1.534946050814704810e+00
1.926774219760049922e+00 7.666299139671771679e-01
1.923544285383435914e+00 4.538804200681901269e-01
1.920325176439229731e+00 3.005474081202775261e-01
1.917116838619272956e+00 2.150156445916990011e-01
1.913919217978066412e+00 1.627580766734854634e-01
1.910732260929746573e+00 1.286303138827286641e-01
1.907555914245096407e+00 1.051903641812137191e-01
1.904390125048579518e+00 8.844892475578854107e-02
1.901234840815411165e+00 7.611630149250393773e-02
1.898090009368651243e+00 6.680409293168615426e-02
1.894955578876332591e+00 5.963163596784336329e-02
1.891831497848612154e+00 5.401897742374230094e-02
1.888717715134955233e+00 4.957191963597318285e-02
1.885614179921342615e+00 4.601520949802933441e-02
1.882520841727509886e+00 4.315216202001079249e-02
1.879437650404210070e+00 4.083942170319867365e-02
1.876364556130506012e+00 3.897071528927027045e-02
1.873301509411087640e+00 3.746611921628732744e-02
1.870248461073616308e+00 3.626480696373760026e-02
1.867205362266092683e+00 3.532004882779930105e-02
1.864172164454256375e+00 3.459570351250608466e-02
1.861148819419003342e+00 3.406371875517573422e-02
1.858135279253833261e+00 3.370232790586101534e-02
1.855131496362320220e+00 3.349473551937912769e-02
1.852137423455608722e+00 3.342815286802830466e-02
1.849153013549931890e+00 3.349308855422424014e-02
1.846178219964156764e+00 3.368282886588316871e-02
1.843212996317349806e+00 3.399306252149169455e-02
1.840257296526368824e+00 3.442161832831920620e-02
1.837311074803476885e+00 3.496829414734799885e-02
1.834374285653977310e+00 3.563476280479378061e-02
1.831446883873875997e+00 3.642454613985150053e-02
1.828528824547560605e+00 3.734305287811314628e-02
1.825620063045505947e+00 3.839767994728168071e-02
1.822720555021999145e+00 3.959798058933950565e-02
1.819830256412887648e+00 4.095590651479335403e-02
1.816949123433347690e+00 4.248613573996905951e-02
1.814077112575675610e+00 4.420650304910374306e-02
1.811214180607096713e+00 4.613855673472971181e-02
1.808360284567599452e+00 4.830827407125582590e-02
1.805515381767785588e+00 5.074697981812405223e-02
1.802679429786744780e+00 5.349252830021904853e-02
1.799852386469944721e+00 5.659083229149997757e-02
1.797034209927146575e+00 6.009785405803864944e-02
1.794224858530333755e+00 6.408222011220034153e-02
1.791424290911665773e+00 6.862868864609776576e-02
1.788632465961447204e+00 7.384279854365313756e-02
1.785849342826118624e+00 7.985717947626530533e-02
1.783074880906262871e+00 8.684023365422151308e-02
1.780309039854634845e+00 9.500826126098579905e-02
1.777551779574203072e+00 1.046426791168350162e-01
1.774803060216217032e+00 1.161149265712306811e-01
1.772062842178283804e+00 1.299232373362725068e-01
1.769331086102472472e+00 1.467481919516764044e-01
1.766607752873425863e+00 1.675388422344121775e-01
1.763892803616498250e+00 1.936502088252300691e-01
1.761186199695903953e+00 2.270702896150005035e-01
1.758487902712887463e+00 2.708096639493201563e-01
1.755797874503906897e+00 3.296011082289790339e-01
1.753116077138837881e+00 4.112249582652294788e-01
1.750442472919188974e+00 5.291864062229764132e-01
1.747777024376338861e+00 7.085647269974119089e-01
1.745119694269784860e+00 1.000101620140899206e+00
1.742470445585410754e+00 1.518605176322019190e+00
1.739829241533769277e+00 2.565630782165151391e+00
1.737196045548378365e+00 5.103939477675977443e+00
1.734570821284036501e+00 1.271067118584110212e+01
1.731953532615150726e+00 2.558231971727978404e+01
1.729344143634080400e+00 1.289541592245924484e+01
1.726742618649495409e+00 5.164667784250873694e+00
1.724148922184751687e+00 2.590565289051475428e+00
1.721563018976276727e+00 1.532632741813307220e+00
1.718984873971974636e+00 1.010375262114640016e+00
1.716414452329641849e+00 7.176205383937264148e-01
1.713851719415399488e+00 5.380933602251211090e-01
1.711296640802137725e+00 4.205003858418826512e-01
1.708749182267975675e+00 3.395269261578087727e-01
1.706209309794733509e+00 2.815575772245599850e-01
1.703676989566421440e+00 2.387570287343703523e-01
1.701152187967735596e+00 2.063641554221722907e-01
1.698634871582576533e+00 1.813538746266528945e-01
1.696125007192571088e+00 1.617314020008597530e-01
1.693622561775615987e+00 1.461395376639641752e-01
1.691127502504426783e+00 1.336300117320950165e-01
1.688639796745107446e+00 1.235250926797239052e-01
1.686159412055723728e+00 1.153309765643389245e-01
1.683686316184898057e+00 1.086819817368854801e-01
1.681220477070409336e+00 1.033036662698591235e-01
1.678761862837809815e+00 9.898790441314891941e-02
1.676310441799051976e+00 9.557571715148238667e-02
1.673866182451128282e+00 9.294524955940035305e-02
1.671429053474721815e+00 9.100323992371903148e-02
1.668999023732870457e+00 8.967890831922498140e-02
1.666576062269639946e+00 8.891955768829624962e-02
1.664160138308812709e+00 8.868741494967741223e-02
1.661751221252582456e+00 8.895739368754283782e-02
1.659349280680265659e+00 8.971556373633805814e-02
1.656954286347021466e+00 9.095818501593048999e-02
1.654566208182581155e+00 9.269121499883398174e-02
1.652185016289993147e+00 9.493023888583347614e-02
1.649810680944373109e+00 9.770080423970967098e-02
1.647443172591671168e+00 1.010391714697958659e-01
1.645082461847443112e+00 1.049935215575854008e-01
1.642728519495638029e+00 1.096256961045058015e-01
1.640381316487392382e+00 1.150135859937870958e-01
1.638040823939836299e+00 1.212543386263861128e-01
1.635707013134908960e+00 1.284686267155498995e-01
1.633379855518186208e+00 1.368063241476647485e-01
1.631059322697714808e+00 1.464540818583331128e-01
1.628745386442860488e+00 1.576455130813566308e-01
1.626438018683161513e+00 1.706750210506887966e-01
1.624137191507197153e+00 1.859167957332511223e-01
1.621842877161460139e+00 2.038512734468385379e-01
1.619555048049243551e+00 2.251025715413785266e-01
1.617273676729533260e+00 2.504923895978204418e-01
1.614998735915914141e+00 2.811191658559056838e-01
1.612730198475478938e+00 3.184769251850379512e-01
1.610468037427754684e+00 3.646382324240401984e-01
1.608212225943629781e+00 4.225439153860207075e-01
1.605962737344297064e+00 4.964769432147146389e-01
1.603719545100200872e+00 5.928669317483932222e-01
1.601482622829995428e+00 7.217164905146271625e-01
1.599251944299511452e+00 8.992626494730316944e-01
1.597027483420730753e+00 1.153255554739222699e+00
1.594809214250771046e+00 1.534234607555818419e+00
1.592597110990876086e+00 2.141933077068529201e+00
1.590391147985417808e+00 3.194710878583771674e+00
1.588191299720904448e+00 5.241381124327283203e+00
1.585997540824998664e+00 9.938984407848357350e+00
1.583809846065540317e+00 2.336262748329954420e+01
1.581628190349583019e+00 5.696049804719407916e+01
1.579452548722431127e+00 4.006786348448272150e+01
1.577282896366694054e+00 1.538847985108693806e+01
1.575119208601339027e+00 7.272716166455504450e+00
1.572961460880756945e+00 4.127711277583475891e+00
1.570809628793836676e+00 2.639023655943008695e+00
1.568663688063042461e+00 1.828047489570429729e+00
1.566523614543503973e+00 1.340462030510660485e+00
1.564389384222107937e+00 1.025435683123333108e+00
1.562260973216605064e+00 8.105012604898185202e-01
1.560138357774716544e+00 6.574823641250889805e-01
1.558021514273252084e+00 5.447660303868140375e-01
1.555910419217233942e+00 4.593902667397449235e-01
1.553805049239028957e+00 3.932060963944070675e-01
1.551705381097486347e+00 3.408853929296153384e-01
1.549611391677082839e+00 2.988269967762141599e-01
1.547523057987075346e+00 2.645269346280935685e-01
1.545440357160660971e+00 2.362008733975304031e-01
1.543363266454141680e+00 2.125497425434322019e-01
1.541291763246096513e+00 1.926097346366225649e-01
1.539225825036563133e+00 1.756537000427107198e-01
1.537165429446222253e+00 1.611247682363433631e-01
1.535110554215589396e+00 1.485907055544209709e-01
1.533061177204215753e+00 1.377119279527981577e-01
1.531017276389892379e+00 1.282186946690649365e-01
1.528978829867862155e+00 1.198945919700171309e-01
1.526945815850037746e+00 1.125644008246081407e-01
1.524918212664225781e+00 1.060850681437171539e-01
1.522895998753357683e+00 1.003389069006253714e-01
1.520879152674726065e+00 9.522841822983049709e-02
1.518867653099227333e+00 9.067230833467246343e-02
1.516861478810610064e+00 8.660239553681148283e-02
1.514860608704729605e+00 8.296118749226721878e-02
1.512865021788810438e+00 7.969996792826170018e-02
1.510874697180708770e+00 7.677727433166571525e-02
1.508889614108188670e+00 7.415767820495254570e-02
1.506909751908196871e+00 7.181080139373989535e-02
1.504935090026148226e+00 6.971051802254116248e-02
1.502965608015214727e+00 6.783430343066053358e-02
1.501001285535618290e+00 6.616270034538238032e-02
1.499042102353934869e+00 6.467887918512302270e-02
1.497088038342396343e+00 6.336827443357730127e-02
1.495139073478204184e+00 6.221828288473853913e-02
1.493195187842844440e+00 6.121801253015096006e-02
1.491256361621411841e+00 6.035807316436810760e-02
1.489322575101934998e+00 5.963040158459469858e-02
1.487393808674710050e+00 5.902811567622642114e-02
1.485470042831636306e+00 5.854539279744226665e-02
1.483551258165563214e+00 5.817736877090089187e-02
1.481637435369633549e+00 5.792005451039004132e-02
1.479728555236639487e+00 5.777026789432448267e-02
1.477824598658377786e+00 5.772557897665226562e-02
1.475925546625017182e+00 5.778426702266428044e-02
1.474031380224461119e+00 5.794528819104113188e-02
1.472142080641723583e+00 5.820825296909199614e-02
1.470257629158304935e+00 5.857341271762488838e-02
1.468378007151576625e+00 5.904165490526973314e-02
1.466503196094164796e+00 5.961450681792372641e-02
1.464633177553344767e+00 6.029414772488099483e-02
1.462767933190435521e+00 6.108342967613974994e-02
1.460907444760203067e+00 6.198590730211198108e-02
1.459051694110263142e+00 6.300587719437039658e-02
1.457200663180493461e+00 6.414842767147678482e-02
1.455354334002446404e+00 6.541949998549535794e-02
1.453512688698771038e+00 6.682596231188384084e-02
1.451675709482633581e+00 6.837569819920863434e-02
1.449843378657146076e+00 7.007771154901980271e-02
1.448015678614799073e+00 7.194225066688628156e-02
1.446192591836898522e+00 7.398095449378282173e-02
1.444374100893004886e+00 7.620702481898304625e-02
1.442560188440379587e+00 7.863542912475969537e-02
1.440750837223433223e+00 8.128313976246386019e-02
1.438946030073178894e+00 8.416941646449001280e-02
1.437145749906690861e+00 8.731614082960850731e-02
1.435349979726562974e+00 9.074821347507526503e-02
1.433558702620379099e+00 9.449402715318747092e-02
1.431771901760176879e+00 9.858603244926672504e-02
1.429989560401925486e+00 1.030614169357607079e-01
1.428211661885000261e+00 1.079629241546839480e-01
1.426438189631667131e+00 1.133398459479398740e-01
1.424669127146564573e+00 1.192492310144076806e-01
1.422904458016194251e+00 1.257573649217163525e-01
1.421144165908412971e+00 1.329415932248504406e-01
1.419388234571931084e+00 1.408925813729408616e-01
1.417636647835810226e+00 1.497171348977110461e-01
1.415889389608968818e+00 1.595417441063915198e-01
1.414146443879689796e+00 1.705170737111561530e-01
1.412407794715131670e+00 1.828236962398033516e-01
1.410673426260842689e+00 1.966794787263304589e-01
1.408943322740281001e+00 2.123491902716004576e-01
1.407217468454333931e+00 2.301571269462368841e-01
1.405495847780847907e+00 2.505038866494226912e-01
1.403778445174152623e+00 2.738889278881806999e-01
1.402065245164596519e+00 3.009413068297598359e-01
1.400356232358082043e+00 3.324621614509422618e-01
1.398651391435604463e+00 3.694843621193234506e-01
1.396950707152795568e+00 4.133577279540494032e-01
1.395254164339468250e+00 4.658731239984058581e-01
1.393561747899167091e+00 5.294470816033224336e-01
1.391873442808720940e+00 6.074031155081741629e-01
1.390189234117796602e+00 7.044121231938281769e-01
1.388509106948461858e+00 8.272033386765657026e-01
1.386833046494743593e+00 9.857532324023104975e-01
1.385161038022196367e+00 1.195356560393559642e+00
1.383493066867469423e+00 1.480411089801152658e+00
1.381829118437878812e+00 1.881738942173596385e+00
1.380169178210981951e+00 2.471756031146092880e+00
1.378513231734156186e+00 3.388668988233756174e+00
1.376861264624178904e+00 4.922162635503434913e+00
1.375213262566811645e+00 7.759119161172805867e+00
1.373569211316387984e+00 1.382040965078812356e+01
1.371929096695401640e+00 2.970024334717057357e+01
1.370292904594101024e+00 7.767454878711684785e+01
1.368660620970083341e+00 1.000000000000000000e+02
1.367032231847895796e+00 3.991854995496031933e+01
1.365407723318633693e+00 1.724022298097953865e+01
1.363787081539546753e+00 9.190655934978284591e+00
1.362170292733646759e+00 5.637804052222331386e+00
1.360557343189316759e+00 3.793775476604567043e+00
1.358948219259922929e+00 2.722584929174060253e+00
1.357342907363431994e+00 2.047909464144764602e+00
1.355741393982026866e+00 1.596520205160071981e+00
1.354143665661731166e+00 1.280109419973011198e+00
1.352549709012028867e+00 1.049962256971258112e+00
1.350959510705493472e+00 8.774680313782576846e-01
1.349373057477414539e+00 7.449475146824585670e-01
1.347790336125432642e+00 6.410077598126823206e-01
1.346211333509169439e+00 5.580434642519210842e-01
1.344636036549867075e+00 4.908233120813652040e-01
1.343064432230025584e+00 4.356551076735336037e-01
1.341496507593046950e+00 3.898742145820175975e-01
1.339932249742877168e+00 3.515199127402243162e-01
1.338371645843654534e+00 3.191248392662817124e-01
1.336814683119357472e+00 2.915745951394180802e-01
1.335261348853457264e+00 2.680120928810591496e-01
1.333711630388572322e+00 2.477711451539788279e-01
1.332165515126123578e+00 2.303296022723326786e-01
1.330622990525994309e+00 2.152758425409804222e-01
1.329084044106191742e+00 2.022845793464157216e-01
1.327548663442509325e+00 1.910993178991543251e-01
1.326016836168193880e+00 1.815196858014410108e-01
1.324488549973613427e+00 1.733924609810903184e-01
1.322963792605928557e+00 1.666055423678937109e-01
1.321442551868763582e+00 1.610844274950259669e-01
1.319924815621882574e+00 1.567910305825102601e-01
1.318410571780868290e+00 1.537249403247540613e-01
1.316899808316798648e+00 1.519275278500225590e-01
1.315392513255931206e+00 1.514897389022352991e-01
1.313888674679385193e+00 1.525650464211325552e-01
1.312388280722829759e+00 1.553900864953822458e-01
1.310891319576169778e+00 1.603172990370130280e-01
1.309397779483237878e+00 1.678671228330883558e-01
1.307907648741486906e+00 1.788133412263751831e-01
1.306420915701684393e+00 1.943270217339604367e-01
1.304937568767609024e+00 2.162289012837792790e-01
1.303457596395749762e+00 2.474533422556497442e-01
1.301980987095005426e+00 2.929513660751401072e-01
1.300507729426390702e+00 3.615748713577993101e-01
1.299037812002737935e+00 4.703604877036245413e-01
1.297571223488404923e+00 6.553785287541784577e-01
1.296107952598984259e+00 1.003270367988344347e+00
1.294647988101014224e+00 1.760478665321788982e+00
1.293191318811691248e+00 3.787847636091819847e+00
1.291737933598584798e+00 9.809682574008038003e+00
1.290287821379353828e+00 1.099678919976861913e+01
1.288840971121466117e+00 4.314650825019159974e+00
1.287397371841917382e+00 1.931688430403942780e+00
1.285957012606955496e+00 1.068595954774630430e+00
1.284519882531802937e+00 6.807789791673822810e-01
1.283085970780384333e+00 4.768453463859098629e-01
1.281655266565052909e+00 3.572068111020609282e-01
1.280227759146322253e+00 2.812745524648988527e-01
1.278803437832595202e+00 2.301744324289362598e-01
1.277382291979900275e+00 1.942109249608965360e-01
1.275964310991624107e+00 1.680043499794205419e-01
1.274549484318249437e+00 1.483816679089238477e-01
1.273137801457094209e+00 1.333767635902344262e-01
1.271729251952051554e+00 1.217213242636543818e-01
1.270323825393331107e+00 1.125697636905677174e-01
1.268921511417203885e+00 1.053430807802099300e-01
1.267522299705748257e+00 9.963647351417276310e-02
1.266126179986595268e+00 9.516273804541833248e-02
1.264733142032679059e+00 9.171658330155857408e-02
1.263343175661987061e+00 8.915162780112212415e-02
1.261956270737311980e+00 8.736536120523806515e-02
1.260572417166005765e+00 8.628929305040684838e-02
1.259191604899734696e+00 8.588262421981995853e-02
1.257813823934237130e+00 8.612844276352897566e-02
1.256439064309081921e+00 8.703186583809639776e-02
1.255067316107427278e+00 8.861983596614535219e-02
1.253698569455785394e+00 9.094249996548257886e-02
1.252332814523782645e+00 9.407629903084890888e-02
1.250970041523927323e+00 9.812911793611718558e-02
1.249610240711374054e+00 1.032481238528427936e-01
1.248253402383692867e+00 1.096313314436281744e-01
1.246899516880637382e+00 1.175445570892311997e-01
1.245548574583917878e+00 1.273464369999335044e-01
1.244200565916972145e+00 1.395258805406046354e-01
1.242855481344739887e+00 1.547592729835441661e-01
1.241513311373437789e+00 1.740000277620180613e-01
1.240174046550337916e+00 1.986229492721385548e-01
1.238837677463543452e+00 2.306650611116846383e-01
1.237504194741770869e+00 2.732437669829879678e-01
1.236173589054129662e+00 3.313179280988851061e-01
1.234845851109905635e+00 4.131528440209921715e-01
1.233520971658344623e+00 5.333371983695570639e-01
1.232198941488438226e+00 7.195329692129585064e-01
1.230879751428709756e+00 1.029227453250895152e+00
1.229563392347003292e+00 1.597184486699719796e+00
1.228249855150272740e+00 2.794569854032392886e+00
1.226939130784372889e+00 5.874568249065747594e+00
1.225631210233851132e+00 1.524912153537165338e+01
1.224326084521741853e+00 2.215219234172982965e+01
1.223023744709360594e+00 9.160216108926071854e+00
1.221724181896099770e+00 3.891430577629058085e+00
1.220427387219227944e+00 2.053232482882585863e+00
1.219133351853686209e+00 1.254609306647677336e+00
1.217842067011890572e+00 8.445459618054601547e-01
1.216553523943530779e+00 6.080987951258950419e-01
1.215267713935375360e+00 4.599534410301659992e-01
1.213984628311073566e+00 3.612140966600426717e-01
1.212704258430961524e+00 2.921979325466884103e-01
1.211426595691867725e+00 2.421096052974660573e-01
1.210151631526921623e+00 2.046386234149104033e-01
1.208879357405361343e+00 1.759009351416322697e-01
1.207609764832343835e+00 1.534021973921487203e-01
1.206342845348756798e+00 1.354826621153198407e-01
1.205078590531029947e+00 1.210043409387050184e-01
1.203816991990949603e+00 1.091669008766304599e-01
1.202558041375472175e+00 9.939523006249714743e-02
1.201301730366540976e+00 9.126855198885269749e-02
1.200048050680903033e+00 8.447449798333506177e-02
1.198796994069927235e+00 7.877865792853816496e-02
1.197548552319423143e+00 7.400401760979168075e-02
1.196302717249462244e+00 7.001689568907068506e-02
1.195059480714198763e+00 6.671728668473878021e-02
1.193818834601692913e+00 6.403230237914259160e-02
1.192580770833734150e+00 6.191190254250872327e-02
1.191345281365666642e+00 6.032644209733899893e-02
1.190112358186214747e+00 5.926581269311657907e-02
1.188881993317310259e+00 5.874017592500380830e-02
1.187654178813920547e+00 5.878252059951116770e-02
1.186428906763877356e+00 5.945358380386051023e-02
1.185206169287707612e+00 6.085014040442322802e-02
1.183985958538464667e+00 6.311843817993612049e-02
1.182768266701559767e+00 6.647592393465018290e-02
1.181553085994597296e+00 7.124695481486650883e-02
1.180340408667206686e+00 7.792317290635024374e-02
1.179130227000880105e+00 8.726948149812872868e-02
1.177922533308807251e+00 1.005189487246221786e-01
1.176717319935714157e+00 1.197522263347295807e-01
1.175514579257700420e+00 1.486892463582235868e-01
1.174314303682079341e+00 1.944891104265939474e-01
1.173116485647218266e+00 2.723079909894304262e-01
1.171921117622380049e+00 4.185472401944612675e-01
1.170728192107564958e+00 7.367319011304671594e-01
1.169537701633354354e+00 1.588431802203248422e+00
1.168349638760755038e+00 4.118657854419151221e+00
1.167163996081044708e+00 4.622859765389153885e+00
1.165980766215617637e+00 1.812189868374348034e+00
1.164799941815831463e+00 8.094185852550681570e-01
1.163621515562856867e+00 4.462362761481205031e-01
1.162445480167524581e+00 2.830165327651792406e-01
1.161271828370176395e+00 1.971391362946223191e-01
1.160100552940516172e+00 1.467021601315107171e-01
1.158931646677460625e+00 1.146290499268327046e-01
1.157765102408992552e+00 9.297900860662566824e-02
1.156600912992014507e+00 7.767236975903288321e-02
1.155439071312202470e+00 6.644473255405725087e-02
1.154279570283861300e+00 5.795962002584235245e-02
1.153122402849781958e+00 5.138789981114773309e-02
1.151967561981097177e+00 4.619358014470596047e-02
1.150815040677139356e+00 4.201804981110117410e-02
1.149664831965300227e+00 3.861433511604663027e-02
1.148516928900890299e+00 3.580815964199497714e-02
1.147371324566997863e+00 3.347403804089953139e-02
1.146228012074351987e+00 3.152014505144506290e-02
1.145086984561183296e+00 2.987849136258678012e-02
1.143948235193088081e+00 2.849841538652315640e-02
1.142811757162891295e+00 2.734221417784754929e-02
1.141677543690509999e+00 2.638220266839037820e-02
1.140545588022821910e+00 2.559876775597904122e-02
1.139415883433527510e+00 2.497915720339336995e-02
1.138288423223020152e+00 2.451686010950709232e-02
1.137163200718252165e+00 2.421152483455100632e-02
1.136040209272603851e+00 2.406944261572661545e-02
1.134919442265753364e+00 2.410472074549242436e-02
1.133800893103544816e+00 2.434140451074715689e-02
1.132684555217861933e+00 2.481702589893045041e-02
1.131570422066497272e+00 2.558844194322274987e-02
1.130458487133026102e+00 2.674154453922409150e-02
1.129348743926678278e+00 2.840783948513361801e-02
1.128241185982213235e+00 3.079383620363748339e-02
1.127135806859794309e+00 3.423569011310847315e-02
1.126032600144863283e+00 3.930693439567319730e-02
1.124931559448017593e+00 4.704675174097099066e-02
1.123832678404886654e+00 5.948892282990578956e-02
1.122735950676009287e+00 8.103406139006520681e-02
1.121641369946712041e+00 1.225638520928072212e-01
1.120548929926987736e+00 2.162381187878041622e-01
1.119458624351376441e+00 4.782646952197251444e-01
1.118370446978844690e+00 1.192155324447628839e+00
1.117284391592666681e+00 9.854935371371605912e-01
1.116200452000305932e+00 3.845768020278298449e-01
1.115118622033298923e+00 1.843449237817305353e-01
1.114038895547136754e+00 1.085548485752421549e-01
1.112961266421149675e+00 7.329837707060213314e-02
1.111885728558391628e+00 5.432215708882155020e-02
1.110812275885524780e+00 4.301781202938138177e-02
1.109740902352706948e+00 3.577554076127335836e-02
1.108671601933476136e+00 3.088098018333315306e-02
1.107604368624638180e+00 2.743952690467606551e-02
1.106539196446156170e+00 2.494906200496001605e-02
1.105476079441036985e+00 2.311114334938282888e-02
1.104415011675221159e+00 2.174018959373392665e-02
1.103355987237472302e+00 2.071669663919678203e-02
1.102299000239268301e+00 1.996174933026198875e-02
1.101244044814691403e+00 1.942248936947264457e-02
1.100191115120320307e+00 1.906353106127282176e-02
1.099140205335122022e+00 1.886176812227350480e-02
1.098091309660345738e+00 1.880321048340960130e-02
1.097044422319415125e+00 1.888110549881205288e-02
1.095999537557822867e+00 1.909493292976735535e-02
1.094956649643025859e+00 1.945005855080439786e-02
1.093915752864339730e+00 1.995795826883055291e-02
1.092876841532835153e+00 2.063702292446675801e-02
1.091839909981234813e+00 2.151405033025636029e-02
1.090804952563809049e+00 2.262665054795998110e-02
1.089771963656275933e+00 2.402696535298026737e-02
1.088740937655696239e+00 2.578738603362804721e-02
1.087711868980375973e+00 2.800944154499894478e-02
1.086684752069762672e+00 3.083790997361393615e-02
1.085659581384347261e+00 3.448386790219334225e-02
1.084636351405563914e+00 3.926367373552559076e-02
1.083615056635691243e+00 4.566770270029225226e-02
1.082595691597753707e+00 5.448769511498229023e-02
1.081578250835425026e+00 6.706713426455028493e-02
1.080562728912928927e+00 8.583032047378807983e-02
1.079549120414944552e+00 1.155045397791036182e-01
1.078537419946508757e+00 1.662786464685068744e-01
1.077527622132921969e+00 2.632274526222808664e-01
1.076519721619651815e+00 4.800108047311219539e-01
1.075513713072239197e+00 1.081546741595754479e+00
1.074509591176204149e+00 2.750026711028679127e+00
1.073507350636953239e+00 2.377222286575682908e+00
1.072506986179685207e+00 9.146248179247268295e-01
1.071508492549299918e+00 4.244468726542815484e-01
1.070511864510304667e+00 2.403561110955110547e-01
1.069517096846725579e+00 1.553136491275359521e-01
1.068524184362014351e+00 1.098214524698812727e-01
1.067533121878958102e+00 8.288149330014180083e-02
1.066543904239591667e+00 6.572641145340971103e-02
1.065556526305105223e+00 5.420600817398887883e-02
1.064570982955757694e+00 4.616012486282387861e-02
1.063587269090787046e+00 4.037882737200942235e-02
1.062605379628323909e+00 3.614422179746156621e-02
1.061625309505302317e+00 3.301057700761280550e-02
1.060647053677374219e+00 3.069127806753493490e-02
1.059670607118822661e+00 2.899734879467948459e-02
1.058695964822475633e+00 2.780246918019458821e-02
1.057723121799620802e+00 2.702236598042109805e-02
1.056752073079920473e+00 2.660240283130815842e-02
1.055782813711327206e+00 2.651009548154133200e-02
1.054815338759999888e+00 2.673077255308181285e-02
1.053849643310218909e+00 2.726542177030647288e-02
1.052885722464305340e+00 2.813025057081434965e-02
1.051923571342535890e+00 2.935782527380305026e-02
1.050963185083062523e+00 3.099993927783763897e-02
1.050004558841829416e+00 3.313267943141903760e-02
1.049047687792491912e+00 3.586460251122659815e-02
1.048092567126336583e+00 3.934964131262857351e-02
1.047139192052199741e+00 4.380758751098238341e-02
1.046187557796387724e+00 4.955725223686605063e-02
1.045237659602596958e+00 5.707175072755180795e-02
1.044289492731836244e+00 6.707416709920596687e-02
1.043343052462346821e+00 8.071074127603317105e-02
1.042398334089523759e+00 9.988190371546558366e-02
1.041455332925839361e+00 1.279180274684150742e-01
1.040514044300764773e+00 1.710747517237395376e-01
1.039574463560693829e+00 2.421926841182359402e-01
1.038636586068865997e+00 3.708797430858984945e-01
1.037700407205289554e+00 6.368944387357565740e-01
1.036765922366666981e+00 1.302756246526552308e+00
1.035833126966320128e+00 3.327476426971351486e+00
1.034902016434112504e+00 5.697863093493843678e+00
1.033972586216377776e+00 2.536169324410471493e+00
1.033044831775844496e+00 1.047976512520095937e+00
1.032118748591562163e+00 5.409457984168503097e-01
1.031194332158827942e+00 3.260162823203214821e-01
1.030271577989113618e+00 2.175209087016290177e-01
1.029350481609994317e+00 1.556945129098296077e-01
1.028431038565075006e+00 1.172808386176418666e-01
1.027513244413918336e+00 9.183249219745534542e-02
1.026597094731975135e+00 7.412157061740984321e-02
1.025682585110511580e+00 6.130557969747792157e-02
1.024769711156539698e+00 5.173428865891613326e-02
1.023858468492747198e+00 4.439751663406481946e-02
1.022948852757425975e+00 3.864929067088451742e-02
1.022040859604405272e+00 3.406114676925028201e-02
1.021134484702980405e+00 3.033992105390910174e-02
1.020229723737845040e+00 2.727959234382217740e-02
1.019326572409021692e+00 2.473197824344452664e-02
1.018425026431796443e+00 2.258830571010339225e-02
1.017525081536647669e+00 2.076728111914415142e-02
1.016626733469180754e+00 1.920716830357326044e-02
1.015729977990062149e+00 1.786040748708365641e-02
1.014834810874950088e+00 1.668988527083323237e-02
1.013941227914431087e+00 1.566630147292878347e-02
1.013049224913951329e+00 1.476627934573616213e-02
1.012158797693754053e+00 1.397098881972307950e-02
1.011269942088812490e+00 1.326512969848948030e-02
1.010382653948765030e+00 1.263617125367246311e-02
1.009496929137851495e+00 1.207377701860893639e-02
1.008612763534848744e+00 1.156936508500953226e-02
1.007730153033007170e+00 1.111576873573317213e-02
1.006849093539986084e+00 1.070697221015567621e-02
1.005969580977791544e+00 1.033790332689316777e-02
1.005091611282713737e+00 1.000426956947293201e-02
1.004215180405263697e+00 9.702427721480303899e-03
1.003340284310111796e+00 9.429279649543752598e-03
1.002466918976025134e+00 9.182188665847147366e-03
1.001595080395807358e+00 8.958912255321953982e-03
1.000724764576236048e+00 8.757547963848415218e-03
9.998559675380025435e-01 8.576490009247490776e-03
9.989886853156515478e-01 8.414394765358315306e-03
9.981229139575207299e-01 8.270153730930446950e-03
9.972586495256805517e-01 8.142872966412507962e-03
9.963958880958748709e-01 8.031858291360986779e-03
9.955346257574615443e-01 7.936605805974871267e-03
9.946748586133541403e-01 7.856797551919566039e-03
9.938165827799620988e-01 7.792302378830843514e-03
9.929597943871327770e-01 7.743182353367319276e-03
9.921044895780938289e-01 7.709705360356653228e-03
9.912506645093952518e-01 7.692364929604690246e-03
9.903983153508516546e-01 7.691908816727526660e-03
9.895474382854848594e-01 7.709378527664995269e-03
9.886980295094678350e-01 7.746162885693861147e-03
9.878500852320675207e-01 7.804070018441085221e-03
9.870036016755887598e-01 7.885423976319590189e-03
9.861585750753177892e-01 7.993194871922754824e-03
9.853150016794670618e-01 8.131175410360343830e-03
9.844728777491201788e-01 8.304222704023306659e-03
9.836321995581758237e-01 8.518593554545221894e-03
9.827929633932931397e-01 8.782416003736467219e-03
9.819551655538376611e-01 9.106363473708948067e-03
9.811188023518269130e-01 9.504636574901390716e-03
9.802838701118756770e-01 9.996423257117598854e-03
9.794503651711428116e-01 1.060812232869803688e-02
9.786182838792778504e-01 1.137682141562197831e-02
9.777876225983678227e-01 1.235590582045686080e-02
9.769583777028838512e-01 1.362442678600870108e-02
9.761305455796289721e-01 1.530339830675944354e-02
9.753041226276853992e-01 1.758553057762830135e-02
9.744791052583632318e-01 2.079263795473306614e-02
9.736554898951470527e-01 2.549431163214124080e-02
9.728332729736459683e-01 3.277468902161159020e-02
9.720124509415412062e-01 4.489851342631581699e-02
9.711930202585357108e-01 6.721241093326375815e-02
9.703749773963024072e-01 1.145827448204629895e-01
9.695583188384347961e-01 2.377335232800780462e-01
9.687430410803962166e-01 6.109721313879403759e-01
9.679291406294694422e-01 8.211986152566709274e-01
9.671166140047071647e-01 3.354438841960211692e-01
9.663054577368823672e-01 1.476863761796515795e-01
9.654956683684398078e-01 8.157434710404130873e-02
9.646872424534453927e-01 5.266368277648304785e-02
9.638801765575389924e-01 3.781708198290605755e-02
9.630744672578845922e-01 2.931592523989207458e-02
9.622701111431231080e-01 2.407333320997141757e-02
9.614671048133237585e-01 2.067538614609711750e-02
9.606654448799361035e-01 1.840549269144200334e-02
9.598651279657426372e-01 1.687171314187992793e-02
9.590661507048118262e-01 1.584713870927592985e-02
9.582685097424504805e-01 1.519509721588540273e-02
9.574722017351569026e-01 1.483154096947441984e-02
9.566772233505744794e-01 1.470509002918851151e-02
9.558835712674457197e-01 1.478607000259677881e-02
9.550912421755647363e-01 1.506045881683120216e-02
9.543002327757330594e-01 1.552673641519546760e-02
9.535105397797123405e-01 1.619465363515058820e-02
9.527221599101799443e-01 1.708549465182907998e-02
9.519350899006832067e-01 1.823377097140866862e-02
9.511493264955946936e-01 1.969059933957324413e-02
9.503648664500666809e-01 2.152939070962892401e-02
9.495817065299877457e-01 2.385504330283344868e-02
9.487998435119376905e-01 2.681880835140603922e-02
9.480192741831430236e-01 3.064281322948837760e-02
9.472399953414338825e-01 3.566180875684974577e-02
9.464620037951998466e-01 4.239717762367165022e-02
9.456852963633465281e-01 5.169480075460357316e-02
9.449098698752520509e-01 6.499777619471523715e-02
9.441357211707248620e-01 8.492692073995344870e-02
9.433628470999596560e-01 1.166338932447931326e-01
9.425912445234957415e-01 1.713384939882121871e-01
9.418209103121737424e-01 2.770391654078080967e-01
9.410518413470944088e-01 5.174901066111490255e-01
9.402840345195757621e-01 1.197974712643521844e+00
9.395174867311113509e-01 2.971001581021653681e+00
9.387521948933292837e-01 2.236401401760403918e+00
9.379881559279502623e-01 8.589831736451229993e-01
9.372253667667463928e-01 4.043045582905549495e-01
9.364638243515006621e-01 2.299823628202621040e-01
9.357035256339651941e-01 1.481625625751072373e-01
9.349444675758219470e-01 1.038923257105483222e-01
9.341866471486415247e-01 7.744427176832664739e-02
9.334300613338428754e-01 6.047522933976641479e-02
9.326747071226534347e-01 4.899743292394925787e-02
9.319205815160699347e-01 4.091965059800301008e-02
9.311676815248176586e-01 3.506351715303705763e-02
9.304160041693121386e-01 3.072644128495099700e-02
9.296655464796188539e-01 2.747045550047796589e-02
9.289163054954153731e-01 2.501310373164319922e-02
9.281682782659514963e-01 2.316790692123444836e-02
9.274214618500109530e-01 2.181047130660147826e-02
9.266758533158728772e-01 2.085863208744870301e-02
9.259314497412740597e-01 2.026073278707369099e-02
9.251882482133699792e-01 1.998896087048794221e-02
9.244462458286972772e-01 2.003616235473112267e-02
9.237054396931361211e-01 2.041545707107212185e-02
9.229658269218726785e-01 2.116264075012386572e-02
9.222274046393614810e-01 2.234203770698194730e-02
9.214901699792881207e-01 2.405742009467044459e-02
9.207541200845331675e-01 2.647126175713723079e-02
9.200192521071340890e-01 2.983882202558470892e-02
9.192855632082491679e-01 3.457038274768668706e-02
9.185530505581211980e-01 4.135048553285738948e-02
9.178217113360410684e-01 5.138117480333766890e-02
9.170915427303112377e-01 6.691902653963777148e-02
9.163625419382103177e-01 9.258493308853409098e-02
9.156347061659568798e-01 1.389912932150990377e-01
9.149080326286742615e-01 2.345627502350618732e-01
9.141825185503544837e-01 4.722115840847745938e-01
9.134581611638238341e-01 1.193415679588082368e+00
9.127349577107065626e-01 2.124739925181592604e+00
9.120129054413915748e-01 9.716304394532940814e-01
9.112920016149960167e-01 4.007753081264059936e-01
9.105722434993314129e-01 2.074180464662733481e-01
9.098536283708694716e-01 1.260289670529999850e-01
9.091361535147075568e-01 8.516352601682564138e-02
9.084198162245342711e-01 6.198370615659788002e-02
9.077046138025957056e-01 4.765202030897257302e-02
9.069905435596620213e-01 3.821555348318934203e-02
9.062776028149930330e-01 3.170350730563351038e-02
9.055657888963056790e-01 2.704824658230739823e-02
9.048550991397398269e-01 2.363272778148911221e-02
9.041455308898252996e-01 2.108172234742369464e-02
9.034370814994497900e-01 1.915789249885363477e-02
9.027297483298246661e-01 1.770679273155939537e-02
9.020235287504526633e-01 1.662632026112027123e-02
9.013184201390963546e-01 1.584914542530607012e-02
9.006144198817443991e-01 1.533245147703891399e-02
8.999115253725800123e-01 1.505208109138578103e-02
8.992097340139486583e-01 1.499961011598298193e-02
8.985090432163262975e-01 1.518168526477105436e-02
8.978094503982875230e-01 1.562153405178219080e-02
8.971109529864740306e-01 1.636310932549328578e-02
8.964135484155623113e-01 1.747909162591507193e-02
8.957172341282341188e-01 1.908529680263521683e-02
8.950220075751433857e-01 2.136666533878189139e-02
8.943278662148861358e-01 2.462569874080487720e-02
8.936348075139693981e-01 2.937750228862211557e-02
8.929428289467805646e-01 3.654936584337133837e-02
8.922519279955564153e-01 4.793748451759777263e-02
8.915621021503532528e-01 6.737256392111823367e-02
8.908733489090159274e-01 1.041412057362771926e-01
8.901856657771481940e-01 1.849775972688494918e-01
8.894990502680819588e-01 4.043464638605505646e-01
8.888134999028483030e-01 1.043296254219143515e+00
8.881290122101467288e-01 1.061212896875458611e+00
8.874455847263167385e-01 4.121591098060078950e-01
8.867632149953068588e-01 1.873746375587542201e-01
8.860819005686466632e-01 1.048737586191494514e-01
8.854016390054162411e-01 6.742923210422217817e-02
8.847224278722185531e-01 4.763078698521361343e-02
8.840442647431492329e-01 3.599632769932657739e-02
8.833671471997684987e-01 2.862618511827941595e-02
8.826910728310719545e-01 2.369534786502539361e-02
8.820160392334627231e-01 2.026245711385787560e-02
8.813420440107221365e-01 1.780432876194125089e-02
8.806690847739823136e-01 1.601292102443515469e-02
8.799971591416971828e-01 1.469874938057368942e-02
8.793262647396155041e-01 1.374165566695198341e-02
8.786563992007516699e-01 1.306432543789243575e-02
8.779875601653589490e-01 1.261749396064671194e-02
8.773197452809011754e-01 1.237156424254099753e-02
8.766529522020259924e-01 1.231202273057258739e-02
8.759871785905366526e-01 1.243736821651668378e-02
8.753224221153650397e-01 1.275901968450608714e-02
8.746586804525444681e-01 1.330319859836239481e-02
8.739959512851834811e-01 1.411531427697303338e-02
8.733342323034374299e-01 1.526814568030149255e-02
8.726735212044824941e-01 1.687648636976539496e-02
8.720138156924897022e-01 1.912370855838921649e-02
8.713551134785972874e-01 2.231186096345654998e-02
8.706974122808844863e-01 2.696162170091534471e-02
8.700407098243457815e-01 3.402674052524873316e-02
8.693850038408645897e-01 4.539831863412612661e-02
8.687302920691865049e-01 6.523743673720701353e-02
8.680765722548944296e-01 1.040660287829441588e-01
8.674238421503817076e-01 1.938961626174707242e-01
8.667720995148274765e-01 4.525776834842675234e-01
8.661213421141702451e-01 1.076428647228802715e+00
8.654715677210825797e-01 7.202594836097406805e-01
8.648227741149460135e-01 2.808711590193547214e-01
8.641749590818260662e-01 1.366613170375616249e-01
8.635281204144459322e-01 8.037620914441756526e-02
8.628822559121630542e-01 5.364053835931809067e-02
8.622373633809428117e-01 3.908957792475464821e-02
8.615934406333348727e-01 3.039532606389203084e-02
8.609504854884478808e-01 2.485245786914375837e-02
8.603084957719245862e-01 2.115869498108668284e-02
8.596674693159180869e-01 1.862883205018331378e-02
8.590274039590676258e-01 1.687743143143104543e-02
8.583882975464732779e-01 1.567694681471781815e-02
8.577501479296728570e-01 1.488901650938400864e-02
8.571129529666173807e-01 1.442911703992101440e-02
8.564767105216475329e-01 1.424765788302544307e-02
8.558414184654691281e-01 1.431982895784899429e-02
8.552070746751304631e-01 1.464057035311424823e-02
8.545736770339977806e-01 1.522299651208530724e-02
8.539412234317323991e-01 1.609970852803194533e-02
8.533097117642669538e-01 1.732724075249071627e-02
8.526791399337824151e-01 1.899477504142488629e-02
8.520495058486844409e-01 2.123961430400956793e-02
8.514208074235810608e-01 2.427442874986484797e-02
8.507930425792590290e-01 2.843648959451789554e-02
8.501662092426609529e-01 3.428070064866567401e-02
8.495403053468634225e-01 4.276616297073798645e-02
8.489153288310529177e-01 5.565943664378448369e-02
8.482912776405048261e-01 7.649222131965317806e-02
8.476681497265592391e-01 1.131246134863367614e-01
8.470459430466005246e-01 1.857436935389167876e-01
8.464246555640331238e-01 3.570069867937808450e-01
8.458042852482609009e-01 8.593994105921194393e-01
8.451848300746642728e-01 1.933702156725112031e+00
8.445662880245785598e-01 1.136609104641701284e+00
8.439486570852717806e-01 4.462053716924092583e-01
8.433319352499233368e-01 2.192213143723209523e-01
8.427161205176016967e-01 1.286499818542622686e-01
8.421012108932438567e-01 8.489446130424728454e-02
8.414872043876323593e-01 6.076017052959313547e-02
8.408740990173753094e-01 4.616140127867546933e-02
8.402618928048841695e-01 3.672837866554265474e-02
8.396505837783531101e-01 3.033519884129903116e-02
8.390401699717372486e-01 2.585284893641756968e-02
8.384306494247324437e-01 2.264012956192755499e-02
8.378220201827533131e-01 2.031391492552947139e-02
8.372142802969139153e-01 1.863694651221953213e-02
8.366074278240052120e-01 1.745955624428896513e-02
8.360014608264755287e-01 1.668805338503884239e-02
8.353963773724099040e-01 1.626727084925767147e-02
8.347921755355094398e-01 1.617128344436375223e-02
8.341888533950707618e-01 1.639945654458055055e-02
8.335864090359655920e-01 1.697672258833985218e-02
8.329848405486213192e-01 1.795822601798272716e-02
8.323841460290002381e-01 1.943980268028941069e-02
8.317843235785793432e-01 2.157780916713297054e-02
8.311853713043307890e-01 2.462576215044268851e-02
8.305872873187017946e-01 2.900380395257498925e-02
8.299900697395953264e-01 3.543728994124834691e-02
8.293937166903496694e-01 4.525335274597164920e-02
8.287982262997192207e-01 6.107537904165340897e-02
8.282035967018550604e-01 8.864781109255412406e-02
8.276098260362853010e-01 1.423963469078988742e-01
8.270169124478957690e-01 2.658121104325246176e-01
8.264248540869109094e-01 6.181970790302898644e-01
8.258336491088743569e-01 1.507061903284067084e+00
8.252432956746299508e-01 1.073480682772360639e+00
8.246537919503025282e-01 4.141056089996353329e-01
8.240651361072794945e-01 1.970982944233564682e-01
8.234773263221912831e-01 1.131076653985125663e-01
8.228903607768931483e-01 7.336741940631552605e-02
8.223042376584461799e-01 5.171122013474582085e-02
8.217189551590983188e-01 3.867878614335993476e-02
8.211345114762669262e-01 3.024716193415350265e-02
8.205509048125191329e-01 2.448494072696044341e-02
8.199681333755539647e-01 2.037515836716866091e-02
8.193861953781843566e-01 1.734227301393140297e-02
8.188050890383181679e-01 1.504118916686434868e-02
8.182248125789409743e-01 1.325498242588664909e-02
8.176453642280968603e-01 1.184183632826970103e-02
8.170667422188715445e-01 1.070591698361721480e-02
8.164889447893737273e-01 9.780610287255521798e-03
8.159119701827177717e-01 9.018475880282339832e-03
8.153358166470054957e-01 8.385012623014000480e-03
8.147604824353085196e-01 7.854670112965563347e-03
8.141859658056509463e-01 7.408228226814569939e-03
8.136122650209919316e-01 7.031034624771132641e-03
8.130393783492074755e-01 6.711794571194769528e-03
8.124673040630737697e-01 6.441724799343352161e-03
8.118960404402498776e-01 6.213952566209165508e-03
8.113255857632597490e-01 6.023083210629978125e-03
8.107559383194760105e-01 5.864885775033749221e-03
8.101870964011019804e-01 5.736062964172137200e-03
8.096190583051557921e-01 5.634082590257179397e-03
8.090518223334518533e-01 5.557054887993667820e-03
8.084853867925854143e-01 5.503645010045846685e-03
8.079197499939151372e-01 5.473013465779536131e-03
8.073549102535461097e-01 5.464779777518909837e-03
8.067908658923140797e-01 5.479006554558342630e-03
8.062276152357675807e-01 5.516202776250909469e-03
8.056651566141525000e-01 5.577346524443168967e-03
8.051034883623950922e-01 5.663928881177458623e-03
8.045426088200856585e-01 5.778022383055898478e-03
8.039825163314624490e-01 5.922379505535025485e-03
8.034232092453948981e-01 6.100569415578994958e-03
8.028646859153683035e-01 6.317165080268237823e-03
8.023069446994668397e-01 6.577998361230488929e-03
8.017499839603575706e-01 6.890508917689041994e-03
8.011938020652754622e-01 7.264225130634357520e-03
8.006383973860062842e-01 7.711434404831850851e-03
8.000837682988714006e-01 8.248130438805675174e-03
7.995299131847115603e-01 8.895373911083373497e-03
7.989768304288720202e-01 9.681283978405712948e-03
7.984245184211856694e-01 1.064401581273511678e-02
7.978729755559587078e-01 1.183632132520823742e-02
7.973222002319541035e-01 1.333272952157814155e-02
7.967721908523768271e-01 1.524121182099111120e-02
7.962229458248578640e-01 1.772283143551102794e-02
7.956744635614396710e-01 2.102626171813673506e-02
7.951267424785598559e-01 2.555149576392116637e-02
7.945797809970371883e-01 3.197456324735629268e-02
7.940335775420553910e-01 4.150970918278042848e-02
7.934881305431488174e-01 5.651117051936545982e-02
7.929434384341873532e-01 8.201586541988474532e-02
7.923994996533605395e-01 1.302988020543388026e-01
7.918563126431641397e-01 2.369579114139834797e-01
7.913138758503841519e-01 5.286333083929326548e-01
7.907721877260825982e-01 1.364857576366615755e+00
7.902312467255827588e-01 1.306522653300599135e+00
7.896910513084544059e-01 5.028167945766798264e-01
7.891515999384994817e-01 2.284620848821621308e-01
7.886128910837371109e-01 1.269262612281730207e-01
7.880749232163893891e-01 8.054730013913612152e-02
7.875376948128672838e-01 5.592330190341533031e-02
7.870012043537557567e-01 4.141285822408913991e-02
7.864654503237995531e-01 3.220120963095248617e-02
7.859304312118895464e-01 2.602562208963447865e-02
7.853961455110483048e-01 2.171524237567043492e-02
7.848625917184152145e-01 1.861777401980705543e-02
7.843297683352333793e-01 1.634852029185130187e-02
7.837976738668355203e-01 1.467071126184888406e-02
7.832663068226294323e-01 1.343445895890427871e-02
7.827356657160847719e-01 1.254401757414517864e-02
7.822057490647187361e-01 1.193973219002593920e-02
7.816765553900826280e-01 1.158825243686365143e-02
7.811480832177480904e-01 1.147798285947308934e-02
7.806203310772933390e-01 1.161858923819467267e-02
7.800932975022893956e-01 1.204471886715819014e-02
7.795669810302870983e-01 1.282562650177675352e-02
7.790413802028033352e-01 1.408504710290401675e-02
7.785164935653069440e-01 1.604141323079655984e-02
7.779923196672065000e-01 1.909276787771533451e-02
7.774688570618361050e-01 2.401009196955596406e-02
7.769461043064428418e-01 3.242542653018149618e-02
7.764240599621726746e-01 4.824296035314370318e-02
7.759027225940580141e-01 8.249046810905406868e-02
7.753820907710043953e-01 1.734040395738480900e-01
7.748621630657770432e-01 4.459171027488861294e-01
7.743429380549885499e-01 5.310502451682930225e-01
7.738244143190854407e-01 2.117185616929497527e-01
7.733065904423354064e-01 9.527038881404659154e-02
7.727894650128144249e-01 5.353741106142457379e-02
7.722730366223942156e-01 3.500551036226866308e-02
7.717573038667289165e-01 2.539714423431096990e-02
7.712422653452427612e-01 1.987327008613893817e-02
7.707279196611178662e-01 1.647632866804650889e-02
7.702142654212805750e-01 1.430359640083015381e-02
7.697013012363898010e-01 1.289715861018288050e-02
7.691890257208247039e-01 1.200878722598504658e-02
7.686774374926710340e-01 1.149881453507991917e-02
7.681665351737101410e-01 1.128898526863952867e-02
7.676563173894056513e-01 1.133939897416681372e-02
7.671467827688916996e-01 1.163736503663461916e-02
7.666379299449603835e-01 1.219299590808881235e-02
7.661297575540497728e-01 1.303952293214035753e-02
7.656222642362318087e-01 1.423811303197487083e-02
7.651154486351999795e-01 1.588851652888252988e-02
7.646093093982576638e-01 1.814903912769139441e-02
7.641038451763053629e-01 2.127338749819647837e-02
7.635990546238293764e-01 2.568074372185649018e-02
7.630949363988903666e-01 3.209646293443967069e-02
7.625914891631101478e-01 4.185591695522360850e-02
7.620887115816609159e-01 5.762463297235689147e-02
7.615866023232530369e-01 8.532028784381617825e-02
7.610851600601240552e-01 1.400879064091928861e-01
7.605843834680258153e-01 2.687222337044909981e-01
7.600842712262135814e-01 6.446162216935700240e-01
7.595848220174349352e-01 1.473301923117108281e+00
7.590860345279170085e-01 8.900951785791768600e-01
7.585879074473558248e-01 3.476939859127309851e-01
7.580904394689049752e-01 1.695112360531900730e-01
7.575936292891632950e-01 9.872381038233610240e-02
7.570974756081650936e-01 6.461380378575423689e-02
7.566019771293674978e-01 4.581476007288245306e-02
7.561071325596391279e-01 3.443300580692530699e-02
7.556129406092498835e-01 2.705802033182640176e-02
7.551193999918591748e-01 2.203375150263353274e-02
7.546265094245050431e-01 1.848171690714090626e-02
7.541342676275923917e-01 1.590317588675561195e-02
7.536426733248828835e-01 1.399996304602076080e-02
7.531517252434836163e-01 1.258715872058873211e-02
7.526614221138355765e-01 1.154786826026730183e-02
7.521717626697037584e-01 1.080886609469438459e-02
7.516827456481655068e-01 1.032744395191900755e-02
7.511943697895995253e-01 1.008497482345413650e-02
7.507066338376764403e-01 1.008533278391322320e-02
7.502195365393462545e-01 1.035804204631594026e-02
7.497330766448292438e-01 1.096785276726930727e-02
7.492472529076040777e-01 1.203551955505978259e-02
7.487620640843979380e-01 1.378138397471135104e-02
7.482775089351755282e-01 1.662091978336904807e-02
7.477935862231289699e-01 2.139235069182457427e-02
7.473102947146670338e-01 2.996522366345386046e-02
7.468276331794044820e-01 4.713374691121893778e-02
7.463456003901520752e-01 8.772475404423400736e-02
7.458641951229062483e-01 2.066927397348624906e-01
7.453834161568382299e-01 4.685648315802370401e-01
7.449032622742841614e-01 2.832987883229636794e-01
7.444237322607348828e-01 1.119471857599314835e-01
7.439448249048254969e-01 5.558809233690222701e-02
7.434665389983253769e-01 3.313543797806895591e-02
7.429888733361279529e-01 2.226972922521868944e-02
7.425118267162404972e-01 1.624431848028009759e-02
7.420353979397749100e-01 1.256526920157420395e-02
7.415595858109359506e-01 1.015415939157979751e-02
7.410843891370132441e-01 8.486590548384714827e-03
7.406098067283698461e-01 7.283648315330784259e-03
7.401358373984332495e-01 6.386178325205888427e-03
7.396624799636850600e-01 5.698087763670085619e-03
7.391897332436514478e-01 5.158612057928888169e-03
7.387175960608930447e-01 4.727818940474523730e-03
7.382460672409956182e-01 4.378602073693430366e-03
7.377751456125600793e-01 4.092048506199189375e-03
7.373048300071927130e-01 3.854649724998021176e-03
7.368351192594960741e-01 3.656564206116992132e-03
7.363660122070585512e-01 3.490502467153556217e-03
7.358975076904453738e-01 3.350992955448709853e-03
7.354296045531893977e-01 3.233887863939320650e-03
7.349623016417807797e-01 3.136024193095528559e-03
7.344955978056584289e-01 3.054987802986907763e-03
7.340294918971995708e-01 2.988947466544044328e-03
7.335639827717111983e-01 2.936537706590131806e-03
7.330990692874204129e-01 2.896776589081082303e-03
7.326347503054653210e-01 2.869009418657465522e-03
7.321710246898853747e-01 2.852872471884361234e-03
7.317078913076123792e-01 2.848273132093250091e-03
7.312453490284619440e-01 2.855384451452442577e-03
7.307833967251224916e-01 2.874653526987212566e-03
7.303220332731482634e-01 2.906824338650772482e-03
7.298612575509486611e-01 2.952977037853969384e-03
7.294010684397801425e-01 3.014587286894785268e-03
7.289414648237368954e-01 3.093611380411767642e-03
7.284824455897412898e-01 3.192605885229482868e-03
7.280240096275358841e-01 3.314894966245723277e-03
7.275661558296739884e-01 3.464805317787160790e-03
7.271088830915106715e-01 3.647999192305531602e-03
7.266521903111939906e-01 3.871953002033679675e-03
7.261960763896565529e-01 4.146656968773464527e-03
7.257405402306059683e-01 4.485658748790000497e-03
7.252855807405169664e-01 4.907656841860429282e-03
7.248311968286220708e-01 5.438999299028788627e-03
7.243773874069027174e-01 6.117724044182626039e-03
7.239241513900818159e-01 7.000326872005521034e-03
7.234714876956134244e-01 8.173573668720065383e-03
7.230193952436754223e-01 9.776134291466273551e-03
7.225678729571606285e-01 1.204054237714050589e-02
7.221169197616678082e-01 1.538041278393985183e-02
7.216665345854939018e-01 2.058784244013298070e-02
7.212167163596246988e-01 2.933053944127528984e-02
7.207674640177278436e-01 4.558666495063437574e-02
7.203187764961427320e-01 8.057072575681820115e-02
7.198706527338728511e-01 1.731059684380801267e-01
7.194230916725783409e-01 4.506906616421602063e-01
7.189760922565661128e-01 5.432441567569918917e-01
7.185296534327824114e-01 2.149235634148041474e-01
7.180837741508049321e-01 9.465231483932749768e-02
7.176384533628336060e-01 5.158841282872658751e-02
7.171936900236833834e-01 3.245218758726058778e-02
7.167494830907755743e-01 2.249157764164261622e-02
7.163058315241300766e-01 1.671223509605512803e-02
7.158627342863562726e-01 1.309412532176821090e-02
7.154201903426463671e-01 1.070426465609737067e-02
7.149781986607670614e-01 9.067017082570877351e-03
7.145367582110504490e-01 7.921414027489422083e-03
7.140958679663869102e-01 7.116604831928875947e-03
7.136555269022177850e-01 6.562815355786711345e-03
7.132157339965261578e-01 6.206935519122491751e-03
7.127764882298298632e-01 6.020104140314836219e-03
7.123377885851728264e-01 5.991845070670497216e-03
7.118996340481186236e-01 6.128518002367310674e-03
7.114620236067412673e-01 6.455648488593497721e-03
7.110249562516181010e-01 7.025301217881546427e-03
7.105884309758215833e-01 7.932123671054079617e-03
7.101524467749130709e-01 9.347016597359808845e-03
7.097170026469329374e-01 1.159106172960915927e-02
7.092820975923948001e-01 1.531212299050722578e-02
7.088477306142759726e-01 2.195889048599585294e-02
7.084139007180123571e-01 3.526345926852985507e-02
7.079806069114892297e-01 6.684083656757534853e-02
7.075478482050333584e-01 1.598170770879350777e-01
7.071156236114064519e-01 3.556258613983346861e-01
7.066839321457979439e-01 2.065357540440691253e-01
7.062527728258162218e-01 8.163085147423107535e-02
7.058221446714822989e-01 4.050013274684603759e-02
7.053920467052217091e-01 2.401334682087733277e-02
7.049624779518581796e-01 1.600424731776391857e-02
7.045334374386051923e-01 1.155434217512472418e-02
7.041049241950589899e-01 8.835458118379732259e-03
7.036769372531912481e-01 7.053844939554907052e-03
7.032494756473425257e-01 5.822369698161911945e-03
7.028225384142138266e-01 4.934661202244007908e-03
7.023961245928601604e-01 4.272756200638188305e-03
7.019702332246832155e-01 3.765334902947576907e-03
7.015448633534240308e-01 3.367246809605242610e-03
7.011200140251566681e-01 3.048789383993011533e-03
7.006956842882795522e-01 2.789777285516864287e-03
7.002718731935095864e-01 2.576106148454136019e-03
6.998485797938749364e-01 2.397681281304267237e-03
6.994258031447079249e-01 2.247125671402260168e-03
6.990035423036375928e-01 2.118949701420815707e-03
6.985817963305833711e-01 2.009003444663794158e-03
6.981605642877477536e-01 1.914106961169987622e-03
6.977398452396098572e-01 1.831795656336691587e-03
6.973196382529170956e-01 1.760141789509901472e-03
6.968999423966802942e-01 1.697627494884247894e-03
6.964807567421655854e-01 1.643053388691428441e-03
6.960620803628879694e-01 1.595472288327760661e-03
6.956439123346040976e-01 1.554141065866181852e-03
6.952262517353060556e-01 1.518485961083742295e-03
6.948090976452143686e-01 1.488078244370268696e-03
6.943924491467712290e-01 1.462618231542884206e-03
6.939763053246338353e-01 1.441926496325396856e-03
6.935606652656673976e-01 1.425941834264534856e-03
6.931455280589395862e-01 1.414726212737291156e-03
6.927308927957124274e-01 1.408477704553214374e-03
6.923167585694364190e-01 1.407553382870724247e-03
6.919031244757443133e-01 1.412505550447610550e-03
6.914899896124435674e-01 1.424136806492698470e-03
6.910773530795111252e-01 1.443582870701926903e-03
6.906652139790857570e-01 1.472437779420900485e-03
6.902535714154615087e-01 1.512945902482204551e-03
6.898424244950825956e-01 1.568302817915337823e-03
6.894317723265355191e-01 1.643139755937806333e-03
6.890216140205434048e-01 1.744329634079443657e-03
6.886119486899593412e-01 1.882381389223401150e-03
6.882027754497599403e-01 2.073965704041514854e-03
6.877940934170393428e-01 2.346748372239831036e-03
6.873859017110028891e-01 2.749272907138813806e-03
6.869781994529595703e-01 3.372875574369928794e-03
6.865709857663179205e-01 4.405467851868697694e-03
6.861642597765781337e-01 6.281704752773449411e-03
6.857580206113261800e-01 1.017753311004706944e-02
6.853522674002278103e-01 1.998334753168577727e-02
6.849469992750218950e-01 4.983352907039982627e-02
6.845422153695156497e-01 8.212309536112881447e-02
6.841379148195766424e-01 3.644987512495370674e-02
6.837340967631269084e-01 1.568521719425328489e-02
6.833307603401387320e-01 8.586090695129364875e-03
6.829279046926264307e-01 5.569953582617184415e-03
6.825255289646413592e-01 4.051298836532438857e-03
6.821236323022653592e-01 3.193985386635058051e-03
6.817222138536049858e-01 2.671805600733698216e-03
6.813212727687861792e-01 2.338347265740181331e-03
6.809208081999469364e-01 2.120881550161173804e-03
6.805208193012319828e-01 1.980681358560036458e-03
6.801213052287872207e-01 1.896377944823519207e-03
6.797222651407540672e-01 1.856396838721018593e-03
6.793236981972616828e-01 1.855407009053253913e-03
6.789256035604231965e-01 1.892796373855054745e-03
6.785279803943291554e-01 1.972414303545314343e-03
6.781308278650414190e-01 2.103440473758400823e-03
6.777341451405874961e-01 2.302745475222731965e-03
6.773379313909547728e-01 2.599867081108969864e-03
6.769421857880848492e-01 3.047369278821915068e-03
6.765469075058681003e-01 3.743592389245693416e-03
6.761520957201366810e-01 4.887225410512736901e-03
6.757577496086606406e-01 6.924780453998461392e-03
6.753638683511403729e-01 1.101602341766705524e-02
6.749704511292028419e-01 2.080996496880520991e-02
6.745774971263944764e-01 4.987758500776730969e-02
6.741850055281756182e-01 1.060990787598656421e-01
6.737929755219160821e-01 5.805054598597701732e-02
6.734014062968888270e-01 2.341399134669257254e-02
6.730102970442635169e-01 1.197180259601794867e-02
6.726196469571025238e-01 7.341967171047356425e-03
6.722294552303546000e-01 5.084179028639400182e-03
6.718397210608496595e-01 3.832626753573215115e-03
6.714504436472926718e-01 3.075246035366339861e-03
6.710616221902586664e-01 2.588603347358616347e-03
6.706732558921876253e-01 2.263698354570704147e-03
6.702853439573785987e-01 2.042875503578546036e-03
6.698978855919839326e-01 1.893955493778364235e-03
6.695108800040048269e-01 1.798602157038987556e-03
6.691243264032847859e-01 1.746780273207505958e-03
6.687382240015056212e-01 1.734131260909452981e-03
6.683525720121812341e-01 1.760987896866555297e-03
6.679673696506516212e-01 1.832609012405437589e-03
6.675826161340796538e-01 1.960780341442704047e-03
6.671983106814439735e-01 2.167619474178331552e-03
6.668144525135341061e-01 2.493818821262299562e-03
6.664310408529455776e-01 3.017144178664570367e-03
6.660480749240746956e-01 3.897648353238848413e-03
6.656655539531131094e-01 5.502495779297763949e-03
6.652834771680425918e-01 8.810484930091243977e-03
6.649018437986295993e-01 1.699971923095779797e-02
6.645206530764209418e-01 4.180645057475015913e-02
6.641399042347385651e-01 7.686070895447026652e-02
6.637595965086729999e-01 3.640951480834506149e-02
6.633797291350798098e-01 1.523191932812705332e-02
6.630003013525739286e-01 8.095297565276134491e-03
6.626213124015252198e-01 5.110412386324473220e-03
6.622427615240519261e-01 3.618339639191695597e-03
6.618646479640166724e-01 2.775149622712325473e-03
6.614869709670222475e-01 2.256217295553897793e-03
6.611097297804050532e-01 1.917118445708214467e-03
6.607329236532306638e-01 1.686308269314645749e-03
6.603565518362889408e-01 1.525437861026510003e-03
6.599806135820897035e-01 1.412813478606951339e-03
6.596051081448567333e-01 1.335856601168824423e-03
6.592300347805235550e-01 1.287466914922822531e-03
6.588553927467277749e-01 1.264275466905573266e-03
6.584811813028077498e-01 1.265970669271506430e-03
6.581073997097962591e-01 1.295435707221475339e-03
6.577340472304156194e-01 1.359821154909624831e-03
6.573611231290740209e-01 1.473186724320439591e-03
6.569886266718599765e-01 1.662448236373501032e-03
6.566165571265375478e-01 1.981374299964363834e-03
6.562449137625415707e-01 2.546939804434202211e-03
6.558736958509727710e-01 3.647870039610980400e-03
6.555029026645935453e-01 6.132513372497035847e-03
6.551325334778229648e-01 1.305048271493243310e-02
6.547625875667314466e-01 3.232526936124667516e-02
6.543930642090369787e-01 2.823214991949417330e-02
6.540239626841002352e-01 1.118822994478425870e-02
6.536552822729192469e-01 5.462551086540663910e-03
6.532870222581257380e-01 3.309266978457204959e-03
6.529191819239791306e-01 2.311237836075646056e-03
6.525517605563638801e-01 1.774515478689641908e-03
6.521847574427832583e-01 1.454440730355525610e-03
6.518181718723550233e-01 1.248963670862804397e-03
6.514520031358073116e-01 1.109855128485264398e-03
6.510862505254740862e-01 1.012103276127145329e-03
6.507209133352902519e-01 9.418224796035858321e-04
6.503559908607872142e-01 8.909496288316797992e-04
6.499914823990881052e-01 8.547336748031503055e-04
6.496273872489041201e-01 8.304997558524846108e-04
6.492637047105295212e-01 8.170686923331210673e-04
6.489004340858366415e-01 8.145876187286319944e-04
6.485375746782723327e-01 8.247295235321075967e-04
6.481751257928533017e-01 8.514085621912611049e-04
6.478130867361612255e-01 9.024958095883837570e-04
6.474514568163388661e-01 9.938872957578187822e-04
6.470902353430851850e-01 1.159959759267653427e-03
6.467294216276517904e-01 1.484193389299509050e-03
6.463690149828379417e-01 2.205891354960940604e-03
6.460090147229857749e-01 4.165987428921287712e-03
6.456494201639768615e-01 9.956900097163060015e-03
6.452902306232281004e-01 1.063419970570727777e-02
6.449314454196858337e-01 4.448159493399894866e-03
6.445730638738235152e-01 2.270254788568670194e-03
6.442150853076359374e-01 1.473632000570101585e-03
6.438575090446355675e-01 1.111698254946813166e-03
6.435003344098487732e-01 9.191303638081874507e-04
6.431435607298106039e-01 8.047423405372512847e-04
6.427871873325610164e-01 7.312241265403360887e-04
6.424312135476414332e-01 6.811949147253399447e-04
6.420756387060890802e-01 6.457415435609119075e-04
6.417204621404341003e-01 6.199627061153110226e-04
6.413656831846943351e-01 6.010399039039037014e-04
6.410113011743723277e-01 5.873351722405443370e-04
6.406573154464505482e-01 5.779535142534481754e-04
6.403037253393866202e-01 5.725444542119452083e-04
6.399505301931105450e-01 5.712569503150155027e-04
6.395977293490199278e-01 5.748392716789410117e-04
6.392453221499759808e-01 5.849533902731655997e-04
6.388933079402989712e-01 6.049221322492391540e-04
6.385416860657652238e-01 6.415238910865289634e-04
6.381904558736021249e-01 7.097160949797552817e-04
6.378396167124844585e-01 8.469294002426219856e-04
6.374891679325310756e-01 1.164933574288540925e-03
6.371391088852987883e-01 2.070327262700384727e-03
6.367894389237813701e-01 4.470392599296412958e-03
6.364401574024033392e-01 3.557719562626186945e-03
6.360912636770165163e-01 1.643112705960239660e-03
6.357427571048965831e-01 1.007797473271086330e-03
6.353946370447387526e-01 7.636203350242346021e-04
6.350469028566542162e-01 6.481796481319688054e-04
6.346995539021654809e-01 5.849998202062756201e-04
6.343525895442031493e-01 5.467351162208276827e-04
6.340060091471019232e-01 5.218731590739590382e-04
6.336598120765964959e-01 5.049548353149106153e-04
6.333139976998183318e-01 4.931668160294170678e-04
6.329685653852908933e-01 4.849881676356475498e-04
6.326235145029261986e-01 4.796005269041005940e-04
6.322788444240216021e-01 4.766202515564901842e-04
6.319345545212551318e-01 4.759876608348739455e-04
6.315906441686819361e-01 4.779540967723465905e-04
6.312471127417307315e-01 4.831609786639837309e-04
6.309039596172005826e-01 4.928540511050818985e-04
6.305611841732553513e-01 5.093632035092760359e-04
6.302187857894218093e-01 5.371977772378291102e-04
6.298767638465848639e-01 5.857656530474057840e-04
6.295351177269847831e-01 6.770198106734289433e-04
6.291938468142120877e-01 8.708156940205599239e-04
6.288529504932049985e-01 1.366713370914904345e-03
6.285124281502455501e-01 2.883115091762925280e-03
6.281722791729559274e-01 4.334010320847534424e-03
6.278325029502941357e-01 2.080570165577158657e-03
6.274930988725512249e-01 1.099466177782668910e-03
6.271540663313470709e-01 7.601281311194944910e-04
6.268154047196278222e-01 6.134232398516555572e-04
6.264771134316605705e-01 5.378254615708730159e-04
6.261391918630307973e-01 4.937256570469186973e-04
6.258016394106390434e-01 4.655576421981306805e-04
6.254644554726969119e-01 4.462756807159797240e-04
6.251276394487232935e-01 4.323329703204841249e-04
6.247911907395410358e-01 4.217914802088344761e-04
6.244551087472737239e-01 4.135211952704823200e-04
6.241193928753416831e-01 4.068276381401119465e-04
6.237840425284588708e-01 4.012650353922083573e-04
6.234490571126286573e-01 3.965366067884648106e-04
6.231144360351414946e-01 3.924385191688015357e-04
6.227801787045704751e-01 3.888269673220636977e-04
6.224462845307678904e-01 3.855980944129824405e-04
6.221127529248624555e-01 3.826753358600962630e-04
6.217795832992550897e-01 3.800012096807806961e-04
6.214467750676162527e-01 3.775318542313527690e-04
6.211143276448818362e-01 3.752333109169139497e-04
6.207822404472499445e-01 3.730789427786378675e-04
6.204505128921778967e-01 3.710476089899217506e-04
6.201191443983783413e-01 3.691223525489355142e-04
6.197881343858158143e-01 3.672894427784008852e-04
6.194574822757039634e-01 3.655376672456491752e-04
6.191271874905015515e-01 3.638578017326167470e-04
6.187972494539096813e-01 3.622422091382238073e-04
6.184676675908679089e-01 3.606845330114735043e-04
6.181384413275509138e-01 3.591794614409639418e-04
6.178095700913661670e-01 3.577225439183204735e-04
6.174810533109496014e-01 3.563100486001697688e-04
6.171528904161620588e-01 3.549388507953184289e-04
6.168250808380872918e-01 3.536063459475530637e-04
6.164976240090274118e-01 3.523103821686940362e-04
6.161705193625008903e-01 3.510492087043298390e-04
6.158437663332380074e-01 3.498214377271534033e-04
6.155173643571777431e-01 3.486260176504337328e-04
6.151913128714662227e-01 3.474622168113835046e-04
6.148656113144516100e-01 3.463296169492476951e-04
6.145402591256813318e-01 3.452281164454072400e-04
6.142152557458991913e-01 3.441579438496449712e-04
6.138906006170425922e-01 3.431196828381862418e-04
6.135662931822383204e-01 3.421143104953737403e-04
6.132423328858001010e-01 3.411432517604906251e-04
6.129187191732251572e-01 3.402084541436138751e-04
6.125954514911913229e-01 3.393124885480271538e-04
6.122725292875537129e-01 3.384586844785354058e-04
6.119499520113415025e-01 3.376513114275461963e-04
6.116277191127547086e-01 3.368958233801741878e-04
6.113058300431617464e-01 3.361991910681288455e-04
6.109842842550956554e-01 3.355703582968689951e-04
6.106630812022513233e-01 3.350208768086626230e-04
6.103422203394817114e-01 3.345658028689362570e-04
6.100217011227963004e-01 3.342249852962920825e-04
6.097015230093567606e-01 3.340249519355638352e-04
6.093816854574740649e-01 3.340017334893232099e-04
6.090621879266056027e-01 3.342051958024222524e-04
6.087430298773524040e-01 3.347058746072648951e-04
6.084242107714559200e-01 3.356061075224916817e-04
6.081057300717949143e-01 3.370588428509732029e-04
6.077875872423822434e-01 3.393008043347542986e-04
6.074697817483625251e-01 3.427139787791333415e-04
6.071523130560089188e-01 3.479466465586501713e-04
6.068351806327194620e-01 3.561695433276000178e-04
6.065183839470148497e-01 3.696688495528806522e-04
6.062019224685357699e-01 3.933829386727350896e-04
6.058857956680389067e-01 4.395040142194083779e-04
6.055700030173948312e-01 5.440034738526903103e-04
6.052545439895845591e-01 8.367007937473930172e-04
6.049394180586972203e-01 1.638890975116166033e-03
6.046246246999267271e-01 1.419298738313742652e-03
6.043101633895686664e-01 7.362299513198630827e-04
6.039960336050180789e-01 5.080522089601173779e-04
6.036822348247663506e-01 4.216444144714003874e-04
6.033687665283974377e-01 3.813818279949487814e-04
6.030556281965866461e-01 3.596776970784774929e-04
6.027428193110960786e-01 3.467697163084794637e-04
6.024303393547733032e-01 3.385875078053587461e-04
6.021181878115475783e-01 3.332237448191140497e-04
6.018063641664269658e-01 3.297157406103846077e-04
6.014948679054960001e-01 3.275671064943819059e-04
6.011836985159129121e-01 3.265446926834972134e-04
6.008728554859065207e-01 3.265943701806603059e-04
6.005623383047731245e-01 3.278207419733145372e-04
6.002521464628745029e-01 3.305181106688811457e-04
5.999422794516345858e-01 3.352697558590952759e-04
5.996327367635373440e-01 3.431778376020063739e-04
5.993235178921224593e-01 3.563970582985377059e-04
5.990146223319847696e-01 3.794806684503418642e-04
5.987060495787697167e-01 4.232392421158162241e-04
5.983977991291717924e-01 5.178475470517809268e-04
5.980898704809310962e-01 7.665860681577349716e-04
5.977822631328305603e-01 1.521758323611704933e-03
5.974749765846939509e-01 1.912877581830362645e-03
5.971680103373829818e-01 9.444572143735945058e-04
5.968613638927936504e-01 5.736669766022925443e-04
5.965550367538547949e-01 4.420281418495553396e-04
5.962490284245250960e-01 3.837093070473833229e-04
5.959433384097900799e-01 3.531879926420173894e-04
5.956379662156593424e-01 3.352349219712779239e-04
5.953329113491644398e-01 3.237469250450518161e-04
5.950281733183560018e-01 3.159257789609782349e-04
5.947237516323016226e-01 3.103550773843006334e-04
5.944196458010814199e-01 3.062654420317375030e-04
5.941158553357877015e-01 3.032212032032218841e-04
5.938123797485214128e-01 3.009765300663264434e-04
5.935092185523891395e-01 2.994085020431429831e-04
5.932063712615008866e-01 2.984917581842123652e-04
5.929038373909674142e-01 2.983047093958363940e-04
5.926016164568981281e-01 2.990760839986476177e-04
5.922997079763977490e-01 3.013114994344287794e-04
5.919981114675643141e-01 3.061245113888876827e-04
5.916968264494859575e-01 3.161917570267459864e-04
5.913958524422396890e-01 3.389906459290511912e-04
5.910951889668871750e-01 4.000332575103438286e-04
5.907948355454735179e-01 5.874516201333647002e-04
5.904947917010241465e-01 6.984393234377734433e-04
5.901950569575422634e-01 4.493845711151638880e-04
5.898956308400068460e-01 3.518191429101160468e-04
5.895965128743694272e-01 3.169981423136428340e-04
5.892977025875520969e-01 3.013572456539032876e-04
5.889991995074448372e-01 2.929744000019345604e-04
5.887010031629033024e-01 2.878807969545545023e-04
5.884031130837461543e-01 2.844934647240423176e-04
5.881055288007521753e-01 2.820913575900285989e-04
5.878082498456587146e-01 2.803142564303282925e-04
5.875112757511586903e-01 2.789725654359462726e-04
5.872146060508982579e-01 2.779675058129658428e-04
5.869182402794738129e-01 2.772564004089476193e-04
5.866221779724309915e-01 2.768398789125288265e-04
5.863264186662611177e-01 2.767637245568890076e-04
5.860309618983984281e-01 2.771370386740719199e-04
5.857358072072190724e-01 2.781793654527735466e-04
5.854409541320375610e-01 2.803347791765689449e-04
5.851464022131049880e-01 2.845687230520312972e-04
5.848521509916064787e-01 2.932487197524500451e-04
5.845582000096580799e-01 3.132614670977775656e-04
5.842645488103062057e-01 3.691486273525334985e-04
5.839711969375235290e-01 5.298142123338572904e-04
5.836781439362070945e-01 5.148329349584170088e-04
5.833853893521767642e-01 3.614130653659240354e-04
5.830929327321715538e-01 3.090033378719916381e-04
5.828007736238487446e-01 2.894505766394070835e-04
5.825089115757804414e-01 2.804666738458509658e-04
5.822173461374515746e-01 2.757287946139330161e-04
5.819260768592579014e-01 2.730474891078060718e-04
5.816351032925035636e-01 2.715388188134087739e-04
5.813444249893985338e-01 2.708166434791882318e-04
5.810540415030565065e-01 2.707208913851198609e-04
5.807639523874925658e-01 2.712177734625129252e-04
5.804741571976212988e-01 2.723673850328236883e-04
5.801846554892539087e-01 2.743273692536451753e-04
5.798954468190963274e-01 2.773889019450702202e-04
5.796065307447467729e-01 2.820608585551750806e-04
5.793179068246943064e-01 2.892494424516795642e-04
5.790295746183147241e-01 3.006573920911784453e-04
5.787415336858704462e-01 3.197523413459256165e-04
5.784537835885069645e-01 3.544196323479019287e-04
5.781663238882511768e-01 4.254810236899408656e-04
5.778791541480091665e-01 5.998164790758132858e-04
5.775922739315633159e-01 1.125547127402509512e-03
5.773056828035710852e-01 1.963453832909622335e-03
5.770193803295626811e-01 1.088998345026203664e-03
5.767333660759375036e-01 5.860130993350445589e-04
5.764476396099642574e-01 4.174768165131027484e-04
5.761622004997765112e-01 3.474268111774122592e-04
