2.292558562605334860e+00 1.599877012672279164e-01
2.287985504683433646e+00 2.002290925215041151e-01
2.283430671918146082e+00 2.581534070787093738e-01
2.278893955610755473e+00 3.457618692344636702e-01
2.274375247925234156e+00 4.870939780935155672e-01
2.269874441879701443e+00 7.358272910903795871e-01
2.265391431337982819e+00 1.230473713995086316e+00
2.260926111001269501e+00 2.403576634211253449e+00
2.256478376399877916e+00 5.862242661253670661e+00
2.252048123885104669e+00 1.294126529941653736e+01
2.247635250621177416e+00 7.326623310269618550e+00
2.243239654577299014e+00 2.873803541118117977e+00
2.238861234519790244e+00 1.406901217143882166e+00
2.234499890004316924e+00 8.174792808754840490e-01
2.230155521368213378e+00 5.310528901045518113e-01
2.225828029722893397e+00 3.721675881180443457e-01
2.221517316946347798e+00 2.754015544137237148e-01
2.217223285675732125e+00 2.122863670367571287e-01
2.212945839300040074e+00 1.689159533762082110e-01
2.208684881952858170e+00 1.378700587953624046e-01
2.204440318505206164e+00 1.149049539652857027e-01
2.200212054558461361e+00 9.745450988486932531e-02
2.195999996437361990e+00 8.389445654934686580e-02
2.191804051183092739e+00 7.315672740465134494e-02
2.187624126546445780e+00 6.451595667011673918e-02
2.183460130981067060e+00 5.746570152774447410e-02
2.179311973636770539e+00 5.164379387781538322e-02
2.175179564352935913e+00 4.678575821025381110e-02
2.171062813651977397e+00 4.269486378913543018e-02
2.166961632732889775e+00 3.922235887229676837e-02
2.162875933464862399e+00 3.625411763604018123e-02
2.158805628380971342e+00 3.370142962176099488e-02
2.154750630671939060e+00 3.149452671534785225e-02
2.150710854179963327e+00 2.957795663484052637e-02
2.146686213392620335e+00 2.790722526086610727e-02
2.142676623436831296e+00 2.644632574132013345e-02
2.138682000072897438e+00 2.516589702979440263e-02
2.134702259688605608e+00 2.404183562155385104e-02
2.130737319293392940e+00 2.305423794196283238e-02
2.126787096512584352e+00 2.218658697750490807e-02
2.122851509581685114e+00 2.142512143420591958e-02
2.118930477340746243e+00 2.075834282690548413e-02
2.115023919228783189e+00 2.017662792983164824e-02
2.111131755278264244e+00 1.967192257720510457e-02
2.107253906109652686e+00 1.923749896829267045e-02
2.103390292926016425e+00 1.886776312832660549e-02
2.099540837507686941e+00 1.855810249873344336e-02
2.095705462206989722e+00 1.830476611864519793e-02
2.091884089943018221e+00 1.810477175438260020e-02
2.088076644196477982e+00 1.795583580562573611e-02
2.084283049004576505e+00 1.785632299111917370e-02
2.080503228955977946e+00 1.780521378670764376e-02
2.076737109185803121e+00 1.780208842763079946e-02
2.072984615370691674e+00 1.784712705630451049e-02
2.069245673723915324e+00 1.794112635120746757e-02
2.065520210990539951e+00 1.808553376644816621e-02
2.061808154442647201e+00 1.828250140477980651e-02
2.058109431874600936e+00 1.853496261061727407e-02
2.054423971598368759e+00 1.884673569535946433e-02
2.050751702438891044e+00 1.922266091786949127e-02
2.047092553729501940e+00 1.966877910924460376e-02
2.043446455307397436e+00 2.019256339688390786e-02
2.039813337509153612e+00 2.080321970319941663e-02
2.036193131166291082e+00 2.151207759436848249e-02
2.032585767600885607e+00 2.233310142428475767e-02
2.028991178621229796e+00 2.328356376554887100e-02
2.025409296517537427e+00 2.438494071829973298e-02
2.021840054057689517e+00 2.566411480313438367e-02
2.018283384483035903e+00 2.715501054930500105e-02
2.014739221504230127e+00 2.890084842467834092e-02
2.011207499297114953e+00 3.095729758300275539e-02
2.007688152498646517e+00 3.339695965574013964e-02
2.004181116202867763e+00 3.631586441460341041e-02
2.000686325956915201e+00 3.984307606142728497e-02
1.997203717757075392e+00 4.415523199988213854e-02
1.993733228044877404e+00 4.949912791189411965e-02
1.990274793703229905e+00 5.622785640181873074e-02
1.986828352052593116e+00 6.486062622688457124e-02
1.983393840847198275e+00 7.618573476478378292e-02
1.979971198271296640e+00 9.144612625889206314e-02
1.976560362935457338e+00 1.126923866197680757e-01
1.973161273872894306e+00 1.434994202209970982e-01
1.969773870535838745e+00 1.905419840887669358e-01
1.966398092791942886e+00 2.674193001636875344e-01
1.963033880920725283e+00 4.051856427962776674e-01
1.959681175610049175e+00 6.864214032130527832e-01
1.956339917952639285e+00 1.378779662265194439e+00
1.953010049442631901e+00 3.471316242126692764e+00
1.949691511972163838e+00 6.477125745569138004e+00
1.946384247827991132e+00 3.057458615193306084e+00
1.943088199688147055e+00 1.246709296600588601e+00
1.939803310618630316e+00 6.375742301843534410e-01
1.936529524070128572e+00 3.834277107695243658e-01
1.933266783874776351e+00 2.566426233079472374e-01
1.930015034242941629e+00 1.850618870253587789e-01
1.926774219760049922e+00 1.409475287437963464e-01
1.923544285383435914e+00 1.119519469013034590e-01
1.920325176439229731e+00 9.193926472713094544e-02
1.917116838619272956e+00 7.759161972236021387e-02
1.913919217978066412e+00 6.699147451193993019e-02
1.910732260929746573e+00 5.896953547137440133e-02
1.907555914245096407e+00 5.278066609240542745e-02
1.904390125048579518e+00 4.793225273988365592e-02
1.901234840815411165e+00 4.408836416015890491e-02
1.898090009368651243e+00 4.101378156902116962e-02
1.894955578876332591e+00 3.854003405814410838e-02
1.891831497848612154e+00 3.654409184521429516e-02
1.888717715134955233e+00 3.493460732975838673e-02
1.885614179921342615e+00 3.364280150395779906e-02
1.882520841727509886e+00 3.261629075544728029e-02
1.879437650404210070e+00 3.181482224426762651e-02
1.876364556130506012e+00 3.120727663119364503e-02
1.873301509411087640e+00 3.076953012099924514e-02
1.870248461073616308e+00 3.048291062515937067e-02
1.867205362266092683e+00 3.033307242662632019e-02
1.864172164454256375e+00 3.030917113919900582e-02
1.861148819419003342e+00 3.040325830986813013e-02
1.858135279253833261e+00 3.060984007663194659e-02
1.855131496362320220e+00 3.092556136803802438e-02
1.852137423455608722e+00 3.134898902675690296e-02
1.849153013549931890e+00 3.188047575483840546e-02
1.846178219964156764e+00 3.252209309004649301e-02
1.843212996317349806e+00 3.327762652652875575e-02
1.840257296526368824e+00 3.415262995122665679e-02
1.837311074803476885e+00 3.515454020395637064e-02
1.834374285653977310e+00 3.629285613546735095e-02
1.831446883873875997e+00 3.757939036264482807e-02
1.828528824547560605e+00 3.902860635286987262e-02
1.825620063045505947e+00 4.065805892652373660e-02
1.822720555021999145e+00 4.248896328639709119e-02
1.819830256412887648e+00 4.454692700282655848e-02
1.816949123433347690e+00 4.686289205145192233e-02
1.814077112575675610e+00 4.947435154400901813e-02
1.811214180607096713e+00 5.242693048385679844e-02
1.808360284567599452e+00 5.577645515782303498e-02
1.805515381767785588e+00 5.959168694412458889e-02
1.802679429786744780e+00 6.395797167760132462e-02
1.799852386469944721e+00 6.898216852115762743e-02
1.797034209927146575e+00 7.479939410838931657e-02
1.794224858530333755e+00 8.158238437025001899e-02
1.791424290911665773e+00 8.955469882444312690e-02
1.788632465961447204e+00 9.900967627970944096e-02
1.785849342826118624e+00 1.103381868643635300e-01
1.783074880906262871e+00 1.240701636498895699e-01
1.780309039854634845e+00 1.409383070835656393e-01
1.777551779574203072e+00 1.619785629035503105e-01
1.774803060216217032e+00 1.886937195992937077e-01
1.772062842178283804e+00 2.233296959588822184e-01
1.769331086102472472e+00 2.693623967626538884e-01
1.766607752873425863e+00 3.323995845011601391e-01
1.763892803616498250e+00 4.219541555238408015e-01
1.761186199695903953e+00 5.551920074453513543e-01
1.758487902712887463e+00 7.655922896450673143e-01
1.755797874503906897e+00 1.125338116750506989e+00
1.753116077138837881e+00 1.812159975788492083e+00
1.750442472919188974e+00 3.348502836136137972e+00
1.747777024376338861e+00 7.614337281684988135e+00
1.745119694269784860e+00 1.942348112141279159e+01
1.742470445585410754e+00 1.669725080071101431e+01
1.739829241533769277e+00 6.392438224358199861e+00
1.737196045548378365e+00 2.941215978659786234e+00
1.734570821284036501e+00 1.643792351388690065e+00
1.731953532615150726e+00 1.043730675333333968e+00
1.729344143634080400e+00 7.222108803958592338e-01
1.726742618649495409e+00 5.313199661117748995e-01
1.724148922184751687e+00 4.092591351506250641e-01
1.721563018976276727e+00 3.267522164043135668e-01
1.718984873971974636e+00 2.685435069862701640e-01
1.716414452329641849e+00 2.260712015995045010e-01
1.713851719415399488e+00 1.942373919436017615e-01
1.711296640802137725e+00 1.698568946286342085e-01
1.708749182267975675e+00 1.508586705422732266e-01
1.706209309794733509e+00 1.358503433313494324e-01
1.703676989566421440e+00 1.238689564716846103e-01
1.701152187967735596e+00 1.142323267196658776e-01
1.698634871582576533e+00 1.064471964075180133e-01
1.696125007192571088e+00 1.001507110895069885e-01
1.693622561775615987e+00 9.507211913769762768e-02
1.691127502504426783e+00 9.100711332959890432e-02
1.688639796745107446e+00 8.780028975797164736e-02
1.686159412055723728e+00 8.533294710346572831e-02
1.683686316184898057e+00 8.351447958352367640e-02
1.681220477070409336e+00 8.227624103410280387e-02
1.678761862837809815e+00 8.156714532374600979e-02
1.676310441799051976e+00 8.135051499390631713e-02
1.673866182451128282e+00 8.160185072988701549e-02
1.671429053474721815e+00 8.230730163322381998e-02
1.668999023732870457e+00 8.346269014575671830e-02
1.666576062269639946e+00 8.507299829631720378e-02
1.664160138308812709e+00 8.715226176285205406e-02
1.661751221252582456e+00 8.972385056633472300e-02
1.659349280680265659e+00 9.282114409918697240e-02
1.656954286347021466e+00 9.648863701193548248e-02
1.654566208182581155e+00 1.007835444917377504e-01
1.652185016289993147e+00 1.057780143301269432e-01
1.649810680944373109e+00 1.115621035718969839e-01
1.647443172591671168e+00 1.182477459612971682e-01
1.645082461847443112e+00 1.259740323855850497e-01
1.642728519495638029e+00 1.349142645385624784e-01
1.640381316487392382e+00 1.452854446725791726e-01
1.638040823939836299e+00 1.573611676066886400e-01
1.635707013134908960e+00 1.714893438445911078e-01
1.633379855518186208e+00 1.881169026120040333e-01
1.631059322697714808e+00 2.078247678578738489e-01
1.628745386442860488e+00 2.313782610754681335e-01
1.626438018683161513e+00 2.598011882321319410e-01
1.624137191507197153e+00 2.944871904524937190e-01
1.621842877161460139e+00 3.373713543599555220e-01
1.619555048049243551e+00 3.912023294191364076e-01
1.617273676729533260e+00 4.599880800817208737e-01
1.614998735915914141e+00 5.497539599968918056e-01
1.612730198475478938e+00 6.698894816270060115e-01
1.610468037427754684e+00 8.356673436784198827e-01
1.608212225943629781e+00 1.073254265927761519e+00
1.605962737344297064e+00 1.430453228087623652e+00
1.603719545100200872e+00 2.001970452792231736e+00
1.601482622829995428e+00 2.996235924970775955e+00
1.599251944299511452e+00 4.940752751737820248e+00
1.597027483420730753e+00 9.442542755672830523e+00
1.594809214250771046e+00 2.242177383991742445e+01
1.592597110990876086e+00 5.349285894759749738e+01
1.590391147985417808e+00 3.536709420590698727e+01
1.588191299720904448e+00 1.364068968699359985e+01
1.585997540824998664e+00 6.508307636875812818e+00
1.583809846065540317e+00 3.717104828180059162e+00
1.581628190349583019e+00 2.386315895582503011e+00
1.579452548722431127e+00 1.657724482652402020e+00
1.577282896366694054e+00 1.218101439766197780e+00
1.575119208601339027e+00 9.333061913223092976e-01
1.572961460880756945e+00 7.385994852246879905e-01
1.570809628793836676e+00 5.997571013568981924e-01
1.568663688063042461e+00 4.973500072187028165e-01
1.566523614543503973e+00 4.196999058241100422e-01
1.564389384222107937e+00 3.594512907976877836e-01
1.562260973216605064e+00 3.117873826387533853e-01
1.560138357774716544e+00 2.734483373341406454e-01
1.558021514273252084e+00 2.421649355462845155e-01
1.555910419217233942e+00 2.163185365050780407e-01
1.553805049239028957e+00 1.947296833925697135e-01
1.551705381097486347e+00 1.765226462665757112e-01
1.549611391677082839e+00 1.610362796211587955e-01
1.547523057987075346e+00 1.477639558094249461e-01
1.545440357160660971e+00 1.363122272452684802e-01
1.543363266454141680e+00 1.263718332316311477e-01
1.541291763246096513e+00 1.176970137590831050e-01
1.539225825036563133e+00 1.100905190463667416e-01
1.537165429446222253e+00 1.033925915820759073e-01
1.535110554215589396e+00 9.747276229045874485e-02
1.533061177204215753e+00 9.222366891430458513e-02
1.531017276389892379e+00 8.755634679561180578e-02
1.528978829867862155e+00 8.339660483310855354e-02
1.526945815850037746e+00 7.968221029059199823e-02
1.524918212664225781e+00 7.636068284225759617e-02
1.522895998753357683e+00 7.338755201050270460e-02
1.520879152674726065e+00 7.072497030458864409e-02
1.518867653099227333e+00 6.834060175212325339e-02
1.516861478810610064e+00 6.620672538106703309e-02
1.514860608704729605e+00 6.429950776741749641e-02
1.512865021788810438e+00 6.259840953271512964e-02
1.510874697180708770e+00 6.108569871343443730e-02
1.508889614108188670e+00 5.974604997475845697e-02
1.506909751908196871e+00 5.856621323242306582e-02
1.504935090026148226e+00 5.753473875712369900e-02
1.502965608015214727e+00 5.664174854060710640e-02
1.501001285535618290e+00 5.587874580122221407e-02
1.499042102353934869e+00 5.523845614674658538e-02
1.497088038342396343e+00 5.471469520309817092e-02
1.495139073478204184e+00 5.430225854087809834e-02
1.493195187842844440e+00 5.399683054921285835e-02
1.491256361621411841e+00 5.379490956490345921e-02
1.489322575101934998e+00 5.369374710031222381e-02
1.487393808674710050e+00 5.369129945343887461e-02
1.485470042831636306e+00 5.378619034990134856e-02
1.483551258165563214e+00 5.397768357612921231e-02
1.481637435369633549e+00 5.426566482972400296e-02
1.479728555236639487e+00 5.465063224784274393e-02
1.477824598658377786e+00 5.513369528701990430e-02
1.475925546625017182e+00 5.571658182618020871e-02
1.474031380224461119e+00 5.640165355601347436e-02
1.472142080641723583e+00 5.719192990924289177e-02
1.470257629158304935e+00 5.809112098441190919e-02
1.468378007151576625e+00 5.910367012767409750e-02
1.466503196094164796e+00 6.023480707035482051e-02
1.464633177553344767e+00 6.149061278343179171e-02
1.462767933190435521e+00 6.287809751368424183e-02
1.460907444760203067e+00 6.440529382225049226e-02
1.459051694110263142e+00 6.608136686960305872e-02
1.457200663180493461e+00 6.791674469999373076e-02
1.455354334002446404e+00 6.992327189654008734e-02
1.453512688698771038e+00 7.211439073489134266e-02
1.451675709482633581e+00 7.450535489677097278e-02
1.449843378657146076e+00 7.711348196361604568e-02
1.448015678614799073e+00 7.995845235875329027e-02
1.446192591836898522e+00 8.306266422752582590e-02
1.444374100893004886e+00 8.645165604861117237e-02
1.442560188440379587e+00 9.015461170266757251e-02
1.440750837223433223e+00 9.420496648202646151e-02
1.438946030073178894e+00 9.864113737105729973e-02
1.437145749906690861e+00 1.035074072191565914e-01
1.435349979726562974e+00 1.088550006574250245e-01
1.433558702620379099e+00 1.147434004532160573e-01
1.431771901760176879e+00 1.212419673976638801e-01
1.429989560401925486e+00 1.284319461078244906e-01
1.428211661885000261e+00 1.364089651841906281e-01
1.426438189631667131e+00 1.452861757064790316e-01
1.424669127146564573e+00 1.551982210133425188e-01
1.422904458016194251e+00 1.663062988849127732e-01
1.421144165908412971e+00 1.788046732547938222e-01
1.419388234571931084e+00 1.929291294438938154e-01
1.417636647835810226e+00 2.089680645929327951e-01
1.415889389608968818e+00 2.272771945562231111e-01
1.414146443879689796e+00 2.482992892443672273e-01
1.412407794715131670e+00 2.725909997234555182e-01
1.410673426260842689e+00 3.008598431127075812e-01
1.408943322740281001e+00 3.340159856201412314e-01
1.407217468454333931e+00 3.732459893514848415e-01
1.405495847780847907e+00 4.201198361650536062e-01
1.403778445174152623e+00 4.767495344905099963e-01
1.402065245164596519e+00 5.460297519212583550e-01
1.400356232358082043e+00 6.320126784614703563e-01
1.398651391435604463e+00 7.405098022530098856e-01
1.396950707152795568e+00 8.800917638081483529e-01
1.395254164339468250e+00 1.063817059644466267e+00
1.393561747899167091e+00 1.312363321835411822e+00
1.391873442808720940e+00 1.660020890142071437e+00
1.390189234117796602e+00 2.166952653051554822e+00
1.388509106948461858e+00 2.946395679586988781e+00
1.386833046494743593e+00 4.231464903623032292e+00
1.385161038022196367e+00 6.561847074252745493e+00
1.383493066867469423e+00 1.139933712968405999e+01
1.381829118437878812e+00 2.358639805730184236e+01
1.380169178210981951e+00 6.069015004485983411e+01
1.378513231734156186e+00 1.000000000000000000e+02
1.376861264624178904e+00 4.352577391795683326e+01
1.375213262566811645e+00 1.805630778368684020e+01
1.373569211316387984e+00 9.330752151043824938e+00
1.371929096695401640e+00 5.609679863513028053e+00
1.370292904594101024e+00 3.723875591419741227e+00
1.368660620970083341e+00 2.646627683925391050e+00
1.367032231847895796e+00 1.976397554605678675e+00
1.365407723318633693e+00 1.532125796176233123e+00
1.363787081539546753e+00 1.222953491077653165e+00
1.362170292733646759e+00 9.993716224766047151e-01
1.360557343189316759e+00 8.325885589731019110e-01
1.358948219259922929e+00 7.049562848020808348e-01
1.357342907363431994e+00 6.051781058778140654e-01
1.355741393982026866e+00 5.257556109800299859e-01
1.354143665661731166e+00 4.615559241675449287e-01
1.352549709012028867e+00 4.089714143485529418e-01
1.350959510705493472e+00 3.654078843470205951e-01
1.349373057477414539e+00 3.289624541787901646e-01
1.347790336125432642e+00 2.982149508776855695e-01
1.346211333509169439e+00 2.720893738604734380e-01
1.344636036549867075e+00 2.497598435148077056e-01
1.343064432230025584e+00 2.305855043395852733e-01
1.341496507593046950e+00 2.140647133550515613e-01
1.339932249742877168e+00 1.998023550074445875e-01
1.338371645843654534e+00 1.874862835272403938e-01
1.336814683119357472e+00 1.768702569125523427e-01
1.335261348853457264e+00 1.677616105711766115e-01
1.333711630388572322e+00 1.600125103525525394e-01
1.332165515126123578e+00 1.535140388728230831e-01
1.330622990525994309e+00 1.481926798820219493e-01
1.329084044106191742e+00 1.440090258726373085e-01
1.327548663442509325e+00 1.409587888770350572e-01
1.326016836168193880e+00 1.390764912205787185e-01
1.324488549973613427e+00 1.384426163771710072e-01
1.322963792605928557e+00 1.391956127890610073e-01
1.321442551868763582e+00 1.415511465039003269e-01
1.319924815621882574e+00 1.458327310407434851e-01
1.318410571780868290e+00 1.525209932440582394e-01
1.316899808316798648e+00 1.623347407723562674e-01
1.315392513255931206e+00 1.763686693394183602e-01
1.313888674679385193e+00 1.963368345583350327e-01
1.312388280722829759e+00 2.250246341369802616e-01
1.310891319576169778e+00 2.671789513014841133e-01
1.309397779483237878e+00 3.313923636003776041e-01
1.307907648741486906e+00 4.344643106880754502e-01
1.306420915701684393e+00 6.126996247342447743e-01
1.304937568767609024e+00 9.557248662478965429e-01
1.303457596395749762e+00 1.727856819370032770e+00
1.301980987095005426e+00 3.882615369623273693e+00
1.300507729426390702e+00 9.793729392886797669e+00
1.299037812002737935e+00 8.220225806378367750e+00
1.297571223488404923e+00 3.170825899227875944e+00
1.296107952598984259e+00 1.484633889320253530e+00
1.294647988101014224e+00 8.477711344394313064e-01
1.293191318811691248e+00 5.518743809331181360e-01
1.291737933598584798e+00 3.926173066530819766e-01
1.290287821379353828e+00 2.976201893080391847e-01
1.288840971121466117e+00 2.365732909902169556e-01
1.287397371841917382e+00 1.950933876800982902e-01
1.285957012606955496e+00 1.656760188900673059e-01
1.284519882531802937e+00 1.441059816721038389e-01
1.283085970780384333e+00 1.278725422185604255e-01
1.281655266565052909e+00 1.154075022980472487e-01
1.280227759146322253e+00 1.056926219533164679e-01
1.278803437832595202e+00 9.804545013994415970e-02
1.277382291979900275e+00 9.199676761785219314e-02
1.275964310991624107e+00 8.721758009679939083e-02
1.274549484318249437e+00 8.347414230717953298e-02
1.273137801457094209e+00 8.059948234108677001e-02
1.271729251952051554e+00 7.847499957523630665e-02
1.270323825393331107e+00 7.701843472973667060e-02
1.268921511417203885e+00 7.617602573932089061e-02
1.267522299705748257e+00 7.591753967327632968e-02
1.266126179986595268e+00 7.623340115065847800e-02
1.264733142032679059e+00 7.713347791152250221e-02
1.263343175661987061e+00 7.864732296699615544e-02
1.261956270737311980e+00 8.082586491736394596e-02
1.260572417166005765e+00 8.374472340915160851e-02
1.259191604899734696e+00 8.750954212891218220e-02
1.257813823934237130e+00 9.226402162849317579e-02
1.256439064309081921e+00 9.820176394367780004e-02
1.255067316107427278e+00 1.055837180397258129e-01
1.253698569455785394e+00 1.147641290058354357e-01
1.252332814523782645e+00 1.262297933660701255e-01
1.250970041523927323e+00 1.406607758582790191e-01
1.249610240711374054e+00 1.590268814836831579e-01
1.248253402383692867e+00 1.827458752573098977e-01
1.246899516880637382e+00 2.139527726796638107e-01
1.245548574583917878e+00 2.559785405381538870e-01
1.244200565916972145e+00 3.142459611039309930e-01
1.242855481344739887e+00 3.980527106528579662e-01
1.241513311373437789e+00 5.243964841105254182e-01
1.240174046550337916e+00 7.269794896920948046e-01
1.238837677463543452e+00 1.080046194394033376e+00
1.237504194741770869e+00 1.771737187003275649e+00
1.236173589054129662e+00 3.376148783561507827e+00
1.234845851109905635e+00 8.009874148029828334e+00
1.233520971658344623e+00 1.900710112481740310e+01
1.232198941488438226e+00 1.243524058894973372e+01
1.230879751428709756e+00 4.808880893284776192e+00
1.229563392347003292e+00 2.305414780293819188e+00
1.228249855150272740e+00 1.323834988644365440e+00
1.226939130784372889e+00 8.551280463493476924e-01
1.225631210233851132e+00 5.982078277297835367e-01
1.224326084521741853e+00 4.430276950123647750e-01
1.223023744709360594e+00 3.424100054162209639e-01
1.221724181896099770e+00 2.735678993202869669e-01
1.220427387219227944e+00 2.244482613350384514e-01
1.219133351853686209e+00 1.882058853063048875e-01
1.217842067011890572e+00 1.607254674864585509e-01
1.216553523943530779e+00 1.394151018367082717e-01
1.215267713935375360e+00 1.225780950023777627e-01
1.213984628311073566e+00 1.090671732248103820e-01
1.212704258430961524e+00 9.808500752361284936e-02
1.211426595691867725e+00 8.906446436939051414e-02
1.210151631526921623e+00 8.159421888695371494e-02
1.208879357405361343e+00 7.537117303842964799e-02
1.207609764832343835e+00 7.016925467291217078e-02
1.206342845348756798e+00 6.581853967535164496e-02
1.205078590531029947e+00 6.219107403781268251e-02
1.203816991990949603e+00 5.919117881438128170e-02
1.202558041375472175e+00 5.674886216922727517e-02
1.201301730366540976e+00 5.481548675509064633e-02
1.200048050680903033e+00 5.336118583297307788e-02
1.198796994069927235e+00 5.237377022387020714e-02
1.197548552319423143e+00 5.185907528769336666e-02
1.196302717249462244e+00 5.184290768351806911e-02
1.195059480714198763e+00 5.237501511662408932e-02
1.193818834601692913e+00 5.353588982103452132e-02
1.192580770833734150e+00 5.544785020246165153e-02
1.191345281365666642e+00 5.829295550254556119e-02
1.190112358186214747e+00 6.234235989020973923e-02
1.188881993317310259e+00 6.800569159461375413e-02
1.187654178813920547e+00 7.591716385670756184e-02
1.186428906763877356e+00 8.709266999285343591e-02
1.185206169287707612e+00 1.032326027458311257e-01
1.183985958538464667e+00 1.273461315756709566e-01
1.182768266701559767e+00 1.651493026430092548e-01
1.181553085994597296e+00 2.285387183561118085e-01
1.180340408667206686e+00 3.454444180790182672e-01
1.179130227000880105e+00 5.929270680732623422e-01
1.177922533308807251e+00 1.231662173587810383e+00
1.176717319935714157e+00 3.175897788384393294e+00
1.175514579257700420e+00 4.547490694640107911e+00
1.174314303682079341e+00 1.880075554117458525e+00
1.173116485647218266e+00 8.077114086217812572e-01
1.171921117622380049e+00 4.326616694865356716e-01
1.170728192107564958e+00 2.692498809060602794e-01
1.169537701633354354e+00 1.850993830743208890e-01
1.168349638760755038e+00 1.364218354992922377e-01
1.167163996081044708e+00 1.058113925369135039e-01
1.165980766215617637e+00 8.532353006890401603e-02
1.164799941815831463e+00 7.093433460059334061e-02
1.163621515562856867e+00 6.043512432304383453e-02
1.162445480167524581e+00 5.253391456559932532e-02
1.161271828370176395e+00 4.643500464087355062e-02
1.160100552940516172e+00 4.162710737687467383e-02
1.158931646677460625e+00 3.776984932866395833e-02
1.157765102408992552e+00 3.462978463574491877e-02
1.156600912992014507e+00 3.204273125511628711e-02
1.155439071312202470e+00 2.989077032217954399e-02
1.154279570283861300e+00 2.808775231149798768e-02
1.153122402849781958e+00 2.656991929493057042e-02
1.151967561981097177e+00 2.528970699454243659e-02
1.150815040677139356e+00 2.421158682952000846e-02
1.149664831965300227e+00 2.330926119601195098e-02
1.148516928900890299e+00 2.256379307085972299e-02
1.147371324566997863e+00 2.196241695479849917e-02
1.146228012074351987e+00 2.149788830456919597e-02
1.145086984561183296e+00 2.116831068722548406e-02
1.143948235193088081e+00 2.097745342119754219e-02
1.142811757162891295e+00 2.093565542988258185e-02
1.141677543690509999e+00 2.106152641431969369e-02
1.140545588022821910e+00 2.138484191351378710e-02
1.139415883433527510e+00 2.195135534085015938e-02
1.138288423223020152e+00 2.283086276022197950e-02
1.137163200718252165e+00 2.413107052056586571e-02
1.136040209272603851e+00 2.602236053547322958e-02
1.134919442265753364e+00 2.878422043652294204e-02
1.133800893103544816e+00 3.289769090806058532e-02
1.132684555217861933e+00 3.924361418197656881e-02
1.131570422066497272e+00 4.956892898006173831e-02
1.130458487133026102e+00 6.771959050604212105e-02
1.129348743926678278e+00 1.034283563117620874e-01
1.128241185982213235e+00 1.863363798971612584e-01
1.127135806859794309e+00 4.256208422005997583e-01
1.126032600144863283e+00 9.998994060893606761e-01
1.124931559448017593e+00 6.667128769667424182e-01
1.123832678404886654e+00 2.641020804142961698e-01
1.122735950676009287e+00 1.318719841603531451e-01
1.121641369946712041e+00 8.010866070697550412e-02
1.120548929926987736e+00 5.541444586533679495e-02
1.119458624351376441e+00 4.188819933265049145e-02
1.118370446978844690e+00 3.372883402212271953e-02
1.117284391592666681e+00 2.845318383669386345e-02
1.116200452000305932e+00 2.486364210876345140e-02
1.115118622033298923e+00 2.232787725256478450e-02
1.114038895547136754e+00 2.048774709677720143e-02
1.112961266421149675e+00 1.912890964878569133e-02
1.111885728558391628e+00 1.811741932049304796e-02
1.110812275885524780e+00 1.736677711250047759e-02
1.109740902352706948e+00 1.681985447331289449e-02
1.108671601933476136e+00 1.643853549400447339e-02
1.107604368624638180e+00 1.619758307413059900e-02
1.106539196446156170e+00 1.608093409013290620e-02
1.105476079441036985e+00 1.607946464332757688e-02
1.104415011675221159e+00 1.618970093913599945e-02
1.103355987237472302e+00 1.641319099320602201e-02
1.102299000239268301e+00 1.675639561843199690e-02
1.101244044814691403e+00 1.723105459835051756e-02
1.100191115120320307e+00 1.785506511837076093e-02
1.099140205335122022e+00 1.865399627656460710e-02
1.098091309660345738e+00 1.966347872323639251e-02
1.097044422319415125e+00 2.093288487994924077e-02
1.095999537557822867e+00 2.253100882216047332e-02
1.094956649643025859e+00 2.455497137018282372e-02
1.093915752864339730e+00 2.714452628178188817e-02
1.092876841532835153e+00 3.050577153800037786e-02
1.091839909981234813e+00 3.495195940778351995e-02
1.090804952563809049e+00 4.097696291986333006e-02
1.089771963656275933e+00 4.939481096253420245e-02
1.088740937655696239e+00 6.162238304893984109e-02
1.087711868980375973e+00 8.029920838005205619e-02
1.086684752069762672e+00 1.107868812395110952e-01
1.085659581384347261e+00 1.652793836275091854e-01
1.084636351405563914e+00 2.760275450667703523e-01
1.083615056635691243e+00 5.468727684354248719e-01
1.082595691597753707e+00 1.362697139396529478e+00
1.081578250835425026e+00 2.626636778440533782e+00
1.080562728912928927e+00 1.277072221391187812e+00
1.079549120414944552e+00 5.197146800373322328e-01
1.078537419946508757e+00 2.661818413974383901e-01
1.077527622132921969e+00 1.611373406544639175e-01
1.076519721619651815e+00 1.090223712323339783e-01
1.075513713072239197e+00 7.974502227888159711e-02
1.074509591176204149e+00 6.180001779718414384e-02
1.073507350636953239e+00 5.008745109354461461e-02
1.072506986179685207e+00 4.208228719745612384e-02
1.071508492549299918e+00 3.642421431420768407e-02
1.070511864510304667e+00 3.233062022382508088e-02
1.069517096846725579e+00 2.932739608685156971e-02
1.068524184362014351e+00 2.711554435303852734e-02
1.067533121878958102e+00 2.550079543955853165e-02
1.066543904239591667e+00 2.435453084044524735e-02
1.065556526305105223e+00 2.359120089248336119e-02
1.064570982955757694e+00 2.315490329743833189e-02
1.063587269090787046e+00 2.301131803737233375e-02
1.062605379628323909e+00 2.314295994438620580e-02
1.061625309505302317e+00 2.354664723232693935e-02
1.060647053677374219e+00 2.423261987200589843e-02
1.059670607118822661e+00 2.522508554356131180e-02
1.058695964822475633e+00 2.656423848789241787e-02
1.057723121799620802e+00 2.831006710962350251e-02
1.056752073079920473e+00 3.054861718107705973e-02
1.055782813711327206e+00 3.340191715476499568e-02
1.054815338759999888e+00 3.704368818207907921e-02
1.053849643310218909e+00 4.172461772649194156e-02
1.052885722464305340e+00 4.781412558544224228e-02
1.051923571342535890e+00 5.587184602529091798e-02
1.050963185083062523e+00 6.677532809595532193e-02
1.050004558841829416e+00 8.196025201047835163e-02
1.049047687792491912e+00 1.039013502007745671e-01
1.048092567126336583e+00 1.371513779682539680e-01
1.047139192052199741e+00 1.908083601292105413e-01
1.046187557796387724e+00 2.851202437637679332e-01
1.045237659602596958e+00 4.721001063447544666e-01
1.044289492731836244e+00 9.132416835959009660e-01
1.043343052462346821e+00 2.207805933183203617e+00
1.042398334089523759e+00 4.969449331920830382e+00
1.041455332925839361e+00 2.912020218798025084e+00
1.040514044300764773e+00 1.139311397731581188e+00
1.039574463560693829e+00 5.562731648413917762e-01
1.038636586068865997e+00 3.233581640208847419e-01
1.037700407205289554e+00 2.106160144864917261e-01
1.036765922366666981e+00 1.482230570443731910e-01
1.035833126966320128e+00 1.102711797220321671e-01
1.034902016434112504e+00 8.552743225292375184e-02
1.033972586216377776e+00 6.851981339340205979e-02
1.033044831775844496e+00 5.633460439193289926e-02
1.032118748591562163e+00 4.730815548699136841e-02
1.031194332158827942e+00 4.043579045791514254e-02
1.030271577989113618e+00 3.508224524034907893e-02
1.029350481609994317e+00 3.083013571310180487e-02
1.028431038565075006e+00 2.739618258417504670e-02
1.027513244413918336e+00 2.458269907186684186e-02
1.026597094731975135e+00 2.224836287708219229e-02
1.025682585110511580e+00 2.028999276075573593e-02
1.024769711156539698e+00 1.863084123726902949e-02
1.023858468492747198e+00 1.721287255657987306e-02
1.022948852757425975e+00 1.599154880794023334e-02
1.022040859604405272e+00 1.493223517700361866e-02
1.021134484702980405e+00 1.400767456776851570e-02
1.020229723737845040e+00 1.319618313757182568e-02
1.019326572409021692e+00 1.248034096300962466e-02
1.018425026431796443e+00 1.184602857704875750e-02
1.017525081536647669e+00 1.128170888656284884e-02
1.016626733469180754e+00 1.077788567469590252e-02
1.015729977990062149e+00 1.032669086406955497e-02
1.014834810874950088e+00 9.921566824143662755e-03
1.013941227914431087e+00 9.557019641898837833e-03
1.013049224913951329e+00 9.228425950830168242e-03
1.012158797693754053e+00 8.931880600159630007e-03
1.011269942088812490e+00 8.664075778223055690e-03
1.010382653948765030e+00 8.422204601343758618e-03
1.009496929137851495e+00 8.203883924583307841e-03
1.008612763534848744e+00 8.007092415969363497e-03
1.007730153033007170e+00 7.830120893992285891e-03
1.006849093539986084e+00 7.671532652329684197e-03
1.005969580977791544e+00 7.530132051992551034e-03
1.005091611282713737e+00 7.404940097221045930e-03
1.004215180405263697e+00 7.295176062969880616e-03
1.003340284310111796e+00 7.200244535957829942e-03
1.002466918976025134e+00 7.119727490052020838e-03
1.001595080395807358e+00 7.053381259403346086e-03
1.000724764576236048e+00 7.001138517634885108e-03
9.998559675380025435e-01 6.963115638135969170e-03
9.989886853156515478e-01 6.939626122323698867e-03
9.981229139575207299e-01 6.931201169387135944e-03
9.972586495256805517e-01 6.938618963165112466e-03
9.963958880958748709e-01 6.962944927283563727e-03
9.955346257574615443e-01 7.005586133409097416e-03
9.946748586133541403e-01 7.068364367088230196e-03
9.938165827799620988e-01 7.153614256886547604e-03
9.929597943871327770e-01 7.264315661440187699e-03
9.921044895780938289e-01 7.404273673204259977e-03
9.912506645093952518e-01 7.578365929700774800e-03
9.903983153508516546e-01 7.792886738695665137e-03
9.895474382854848594e-01 8.056033057769780917e-03
9.886980295094678350e-01 8.378602512618146467e-03
9.878500852320675207e-01 8.775015355809434592e-03
9.870036016755887598e-01 9.264843401508716936e-03
9.861585750753177892e-01 9.875154013388644930e-03
9.853150016794670618e-01 1.064420465787069975e-02
9.844728777491201788e-01 1.162745347049961089e-02
9.836321995581758237e-01 1.290770050281300416e-02
9.827929633932931397e-01 1.461293855559549736e-02
9.819551655538376611e-01 1.694937899329926334e-02
9.811188023518269130e-01 2.026629046879747237e-02
9.802838701118756770e-01 2.519278928411400678e-02
9.794503651711428116e-01 3.295321492129329316e-02
9.786182838792778504e-01 4.618020912614644036e-02
9.777876225983678227e-01 7.133320622073627271e-02
9.769583777028838512e-01 1.273139158929192105e-01
9.761305455796289721e-01 2.818880482934614240e-01
9.753041226276853992e-01 7.151710341391460668e-01
9.744791052583632318e-01 6.375571728470670330e-01
9.736554898951470527e-01 2.474740271784544587e-01
9.728332729736459683e-01 1.161830229371636630e-01
9.720124509415412062e-01 6.715840578470343158e-02
9.711930202585357108e-01 4.465306705566585849e-02
9.703749773963024072e-01 3.270671600289599967e-02
9.695583188384347961e-01 2.570860465779578261e-02
9.687430410803962166e-01 2.132386190507987514e-02
9.679291406294694422e-01 1.845096124410900221e-02
9.671166140047071647e-01 1.651908343904152573e-02
9.663054577368823672e-01 1.521073563670772254e-02
9.654956683684398078e-01 1.433984764735302987e-02
9.646872424534453927e-01 1.379348080110033570e-02
9.638801765575389924e-01 1.350205169201708529e-02
9.630744672578845922e-01 1.342335943558693213e-02
9.622701111431231080e-01 1.353377435088935245e-02
9.614671048133237585e-01 1.382341534761022568e-02
9.606654448799361035e-01 1.429375272650667932e-02
9.598651279657426372e-01 1.495688498237765333e-02
9.590661507048118262e-01 1.583620132985602905e-02
9.582685097424504805e-01 1.696846844543801677e-02
9.574722017351569026e-01 1.840769531025646805e-02
9.566772233505744794e-01 2.023154400102140926e-02
9.558835712674457197e-01 2.255171817144387830e-02
9.550912421755647363e-01 2.553094881544481012e-02
9.543002327757330594e-01 2.941147273674094009e-02
9.535105397797123405e-01 3.456451512568913670e-02
9.527221599101799443e-01 4.158021299386693848e-02
9.519350899006832067e-01 5.144020882451511706e-02
9.511493264955946936e-01 6.587168106919541466e-02
9.503648664500666809e-01 8.813540302237657387e-02
9.495817065299877457e-01 1.249688678199214614e-01
9.487998435119376905e-01 1.920443980793095085e-01
9.480192741831430236e-01 3.320805537745363800e-01
9.472399953414338825e-01 6.876235701776389764e-01
9.464620037951998466e-01 1.770823293572508339e+00
9.456852963633465281e-01 2.783449096431920289e+00
9.449098698752520509e-01 1.187950266898552432e+00
9.441357211707248620e-01 4.993563263981075639e-01
9.433628470999596560e-01 2.619203167436857105e-01
9.425912445234957415e-01 1.600004126318823328e-01
9.418209103121737424e-01 1.081491204061462708e-01
9.410518413470944088e-01 7.848458690306869823e-02
9.402840345195757621e-01 6.004173788696060693e-02
9.395174867311113509e-01 4.785670526697616278e-02
9.387521948933292837e-01 3.943206275665927379e-02
9.379881559279502623e-01 3.340531895280389463e-02
9.372253667667463928e-01 2.898459239811641830e-02
9.364638243515006621e-01 2.568611601746200943e-02
9.357035256339651941e-01 2.320268242257577870e-02
9.349444675758219470e-01 2.133361954731641252e-02
9.341866471486415247e-01 1.994568892252965991e-02
9.334300613338428754e-01 1.895047057090670437e-02
9.326747071226534347e-01 1.829105129999721371e-02
9.319205815160699347e-01 1.793430922333515490e-02
9.311676815248176586e-01 1.786687356890189968e-02
9.304160041693121386e-01 1.809384991405441068e-02
9.296655464796188539e-01 1.864008065531037525e-02
9.289163054954153731e-01 1.955432186649631865e-02
9.281682782659514963e-01 2.091749317100780395e-02
9.274214618500109530e-01 2.285742903523404687e-02
9.266758533158728772e-01 2.557497383719109160e-02
9.259314497412740597e-01 2.939127415883660555e-02
9.251882482133699792e-01 3.483731874911682319e-02
9.244462458286972772e-01 4.283378003553722779e-02
9.237054396931361211e-01 5.508032023196632321e-02
9.229658269218726785e-01 7.498166129581755601e-02
9.222274046393614810e-01 1.101312614729124534e-01
9.214901699792881207e-01 1.800814028074291251e-01
9.207541200845331675e-01 3.457098070106540133e-01
9.200192521071340890e-01 8.330725979146039739e-01
9.192855632082491679e-01 1.853059150200467853e+00
9.185530505581211980e-01 1.069796742751606633e+00
9.178217113360410684e-01 4.214774293827610596e-01
9.170915427303112377e-01 2.080807982305686588e-01
9.163625419382103177e-01 1.225927563834848244e-01
9.156347061659568798e-01 8.114194676801744777e-02
9.149080326286742615e-01 5.819145422897219894e-02
9.141825185503544837e-01 4.424429626931239423e-02
9.134581611638238341e-01 3.517646514213162295e-02
9.127349577107065626e-01 2.897727928627606003e-02
9.120129054413915748e-01 2.457611098905094354e-02
9.112920016149960167e-01 2.136249194938320134e-02
9.105722434993314129e-01 1.896911026679332438e-02
9.098536283708694716e-01 1.716551332794894955e-02
9.091361535147075568e-01 1.580257806568778969e-02
9.084198162245342711e-01 1.478197867911074971e-02
9.077046138025957056e-01 1.403875102783495345e-02
9.069905435596620213e-01 1.353113588762406075e-02
9.062776028149930330e-01 1.323474348849618294e-02
9.055657888963056790e-01 1.313952795089616196e-02
9.048550991397398269e-01 1.324886947199633430e-02
9.041455308898252996e-01 1.358060615552766220e-02
9.034370814994497900e-01 1.417035743136544658e-02
9.027297483298246661e-01 1.507814028765661410e-02
9.020235287504526633e-01 1.640040572690972670e-02
9.013184201390963546e-01 1.829184536426593441e-02
9.006144198817443991e-01 2.100612165758026020e-02
8.999115253725800123e-01 2.497590512368461774e-02
8.992097340139486583e-01 3.098116069524331495e-02
8.985090432163262975e-01 4.053479535098444830e-02
8.978094503982875230e-01 5.686856001941844457e-02
8.971109529864740306e-01 8.783323669078273166e-02
8.964135484155623113e-01 1.560905353604868373e-01
8.957172341282341188e-01 3.419135976456743053e-01
8.950220075751433857e-01 8.803556486777923684e-01
8.943278662148861358e-01 8.762614038979562592e-01
8.936348075139693981e-01 3.399662883768551080e-01
8.929428289467805646e-01 1.552333957348508986e-01
8.922519279955564153e-01 8.721982950052181716e-02
8.915621021503532528e-01 5.627281425287930516e-02
8.908733489090159274e-01 3.988153808816171514e-02
8.901856657771481940e-01 3.023788136417264114e-02
8.894990502680819588e-01 2.412413239791848241e-02
8.888134999028483030e-01 2.003218810459546015e-02
8.881290122101467288e-01 1.718331034984781069e-02
8.874455847263167385e-01 1.514437846948158209e-02
8.867632149953068588e-01 1.366029062271249817e-02
8.860819005686466632e-01 1.257415930115362256e-02
8.854016390054162411e-01 1.178661100459495702e-02
8.847224278722185531e-01 1.123389437842265380e-02
8.840442647431492329e-01 1.087566882643645032e-02
8.833671471997684987e-01 1.068812006403012035e-02
8.826910728310719545e-01 1.066025226780255124e-02
8.820160392334627231e-01 1.079231363066287044e-02
8.813420440107221365e-01 1.109594708919312521e-02
8.806690847739823136e-01 1.159612353402720425e-02
8.799971591416971828e-01 1.233540905004255374e-02
8.793262647396155041e-01 1.338185850924041367e-02
8.786563992007516699e-01 1.484319566876444660e-02
8.779875601653589490e-01 1.689277318189533195e-02
8.773197452809011754e-01 1.981917905892257442e-02
8.766529522020259924e-01 2.412688861090861447e-02
8.759871785905366526e-01 3.075681420699616017e-02
8.753224221153650397e-01 4.161896269343110660e-02
8.746586804525444681e-01 6.104894209995461590e-02
8.739959512851834811e-01 1.004786025155868651e-01
8.733342323034374299e-01 1.965727696063077345e-01
8.726735212044824941e-01 4.854102707488917035e-01
8.720138156924897022e-01 9.523146516573444131e-01
8.713551134785972874e-01 4.721481758222328406e-01
8.706974122808844863e-01 1.924392295502918016e-01
8.700407098243457815e-01 9.907891607266955392e-02
8.693850038408645897e-01 6.058210961386537030e-02
8.687302920691865049e-01 4.157141240524238335e-02
8.680765722548944296e-01 3.095133240825110113e-02
8.674238421503817076e-01 2.449440110401399778e-02
8.667720995148274765e-01 2.033262606097699030e-02
8.661213421141702451e-01 1.754452143729149857e-02
8.654715677210825797e-01 1.563640833823646756e-02
8.648227741149460135e-01 1.432707755718385170e-02
8.641749590818260662e-01 1.344939898394393631e-02
8.635281204144459322e-01 1.290189678475914779e-02
8.628822559121630542e-01 1.262358814154697535e-02
8.622373633809428117e-01 1.258053018704684105e-02
8.615934406333348727e-01 1.275876949555612531e-02
8.609504854884478808e-01 1.316120608455678687e-02
8.603084957719245862e-01 1.380730339189290522e-02
8.596674693159180869e-01 1.473544309936624351e-02
8.590274039590676258e-01 1.600846702691033005e-02
8.583882975464732779e-01 1.772389773865141668e-02
8.577501479296728570e-01 2.003193409354748003e-02
8.571129529666173807e-01 2.316746187370207974e-02
8.564767105216475329e-01 2.750905435554426223e-02
8.558414184654691281e-01 3.369350516694895326e-02
8.552070746751304631e-01 4.285347777914224471e-02
8.545736770339977806e-01 5.715359847681666244e-02
8.539412234317323991e-01 8.113427573117769354e-02
8.533097117642669538e-01 1.255665982294940919e-01
8.526791399337824151e-01 2.205851333374271861e-01
8.520495058486844409e-01 4.696818676072901377e-01
8.514208074235810608e-01 1.222050877228660459e+00
8.507930425792590290e-01 1.567530383024793972e+00
8.501662092426609529e-01 6.277382842001468788e-01
8.495403053468634225e-01 2.735615315978604523e-01
8.489153288310529177e-01 1.478413975118758328e-01
8.482912776405048261e-01 9.238350568307102106e-02
8.476681497265592391e-01 6.364892379708811387e-02
8.470459430466005246e-01 4.701597579458716841e-02
8.464246555640331238e-01 3.660585204712782370e-02
8.458042852482609009e-01 2.971387335375274760e-02
8.451848300746642728e-01 2.496344801826012871e-02
8.445662880245785598e-01 2.159795621885247235e-02
8.439486570852717806e-01 1.917644370561621958e-02
8.433319352499233368e-01 1.743064217901168361e-02
8.427161205176016967e-01 1.619291597831537879e-02
8.421012108932438567e-01 1.535799771767829176e-02
8.414872043876323593e-01 1.486203468162069878e-02
8.408740990173753094e-01 1.467121515662299543e-02
8.402618928048841695e-01 1.477627719603995943e-02
8.396505837783531101e-01 1.519128039539141550e-02
8.390401699717372486e-01 1.595633094859009310e-02
8.384306494247324437e-01 1.714513151320010143e-02
8.378220201827533131e-01 1.887983945989604381e-02
8.372142802969139153e-01 2.135863150694620669e-02
8.366074278240052120e-01 2.490748701910211818e-02
8.360014608264755287e-01 3.008182114507731986e-02
8.353963773724099040e-01 3.787920574652067079e-02
8.347921755355094398e-01 5.022352689390698760e-02
8.341888533950707618e-01 7.119153949726302055e-02
8.335864090359655920e-01 1.105786489318033305e-01
8.329848405486213192e-01 1.962487526814358507e-01
8.323841460290002381e-01 4.255309086570182031e-01
8.317843235785793432e-01 1.106522207508391586e+00
8.311853713043307890e-01 1.241362476951122229e+00
8.305872873187017946e-01 4.854760668812249103e-01
8.299900697395953264e-01 2.158926231388121897e-01
8.293937166903496694e-01 1.182746678756368131e-01
8.287982262997192207e-01 7.442524011078312240e-02
8.282035967018550604e-01 5.137427886243698533e-02
8.276098260362853010e-01 3.785406669927559448e-02
8.270169124478957690e-01 2.927219163083483525e-02
8.264248540869109094e-01 2.349294663244176282e-02
8.258336491088743569e-01 1.941898621529600591e-02
8.252432956746299508e-01 1.644115898652298569e-02
8.246537919503025282e-01 1.419987204296756060e-02
8.240651361072794945e-01 1.247197549280619142e-02
8.234773263221912831e-01 1.111314638922958342e-02
8.228903607768931483e-01 1.002674686046374497e-02
8.223042376584461799e-01 9.146132584656203185e-03
8.217189551590983188e-01 8.424167870462554233e-03
8.211345114762669262e-01 7.826781450780721447e-03
8.205509048125191329e-01 7.328878656535718628e-03
8.199681333755539647e-01 6.911675725852330435e-03
8.193861953781843566e-01 6.560918810643586764e-03
8.188050890383181679e-01 6.265668413983766817e-03
8.182248125789409743e-01 6.017454116358437848e-03
8.176453642280968603e-01 5.809677257102940570e-03
8.170667422188715445e-01 5.637183137135949769e-03
8.164889447893737273e-01 5.495951452206475178e-03
8.159119701827177717e-01 5.382870844857402456e-03
8.153358166470054957e-01 5.295574581640836997e-03
8.147604824353085196e-01 5.232321721522302689e-03
8.141859658056509463e-01 5.191913133158686591e-03
8.136122650209919316e-01 5.173635205451584777e-03
8.130393783492074755e-01 5.177226628141383576e-03
8.124673040630737697e-01 5.202865562650435885e-03
8.118960404402498776e-01 5.251176135006223843e-03
8.113255857632597490e-01 5.323254660753108831e-03
8.107559383194760105e-01 5.420717531013679452e-03
8.101870964011019804e-01 5.545774430103179477e-03
8.096190583051557921e-01 5.701332736157575798e-03
8.090518223334518533e-01 5.891141871325487368e-03
8.084853867925854143e-01 6.119990445463637831e-03
8.079197499939151372e-01 6.393974930773615485e-03
8.073549102535461097e-01 6.720867346070464113e-03
8.067908658923140797e-01 7.110622689843078964e-03
8.062276152357675807e-01 7.576087415526048911e-03
8.056651566141525000e-01 8.134002809712005330e-03
8.051034883623950922e-01 8.806449950365028909e-03
8.045426088200856585e-01 9.622970766385682134e-03
8.039825163314624490e-01 1.062374993513883967e-02
8.034232092453948981e-01 1.186450727240630394e-02
8.028646859153683035e-01 1.342423391000335982e-02
8.023069446994668397e-01 1.541782367867610901e-02
8.017499839603575706e-01 1.801747339252185789e-02
8.011938020652754622e-01 2.149053267897427927e-02
8.006383973860062842e-01 2.626992533142265621e-02
8.000837682988714006e-01 3.309334109826068265e-02
7.995299131847115603e-01 4.329931483451138208e-02
7.989768304288720202e-01 5.951687959850539278e-02
7.984245184211856694e-01 8.746689039459924764e-02
7.978729755559587078e-01 1.414103023539293458e-01
7.973222002319541035e-01 2.639498937891998631e-01
7.967721908523768271e-01 6.102332102030398886e-01
7.962229458248578640e-01 1.517235036187848163e+00
7.956744635614396710e-01 1.153332286129391315e+00
7.951267424785598559e-01 4.428006257927197820e-01
7.945797809970371883e-01 2.080877115638350150e-01
7.940335775420553910e-01 1.182401555606171634e-01
7.934881305431488174e-01 7.612305525602824918e-02
7.929434384341873532e-01 5.335928720861424224e-02
7.923994996533605395e-01 3.977469086986128166e-02
7.918563126431641397e-01 3.107081225431802124e-02
7.913138758503841519e-01 2.519514008514849024e-02
7.907721877260825982e-01 2.107262461485525859e-02
7.902312467255827588e-01 1.809869569843366652e-02
7.896910513084544059e-01 1.591423519761904146e-02
7.891515999384994817e-01 1.429708511262092058e-02
7.886128910837371109e-01 1.310624075010811788e-02
7.880749232163893891e-01 1.225176089995813102e-02
7.875376948128672838e-01 1.167818033357145152e-02
7.870012043537557567e-01 1.135564738491926136e-02
7.864654503237995531e-01 1.127610687431833923e-02
7.859304312118895464e-01 1.145360550950453443e-02
7.853961455110483048e-01 1.192918613899949035e-02
7.848625917184152145e-01 1.278260977737565203e-02
7.843297683352333793e-01 1.415644068644880335e-02
7.837976738668355203e-01 1.630552110676176947e-02
7.832663068226294323e-01 1.970411779192524776e-02
7.827356657160847719e-01 2.529842013040143126e-02
7.822057490647187361e-01 3.517331566452278763e-02
7.816765553900826280e-01 5.459503706162740361e-02
7.811480832177480904e-01 9.954513871962472615e-02
7.806203310772933390e-01 2.287749446019458899e-01
7.800932975022893956e-01 5.452048783074142646e-01
7.795669810302870983e-01 3.727436751228544454e-01
7.790413802028033352e-01 1.462887625866488295e-01
7.785164935653069440e-01 7.193876288500739014e-02
7.779923196672065000e-01 4.303089767925746129e-02
7.774688570618361050e-01 2.935930714416988552e-02
7.769461043064428418e-01 2.196623931051224290e-02
7.764240599621726746e-01 1.759743053369955401e-02
7.759027225940580141e-01 1.486635063577858989e-02
7.753820907710043953e-01 1.310904019022407496e-02
7.748621630657770432e-01 1.197967825919908115e-02
7.743429380549885499e-01 1.128787568126178413e-02
7.738244143190854407e-01 1.092643295566257146e-02
7.733065904423354064e-01 1.083697866610350106e-02
7.727894650128144249e-01 1.099315991083617446e-02
7.722730366223942156e-01 1.139293867890799408e-02
7.717573038667289165e-01 1.205646748334483417e-02
7.712422653452427612e-01 1.302841804653573528e-02
7.707279196611178662e-01 1.438524458032594718e-02
7.702142654212805750e-01 1.624961882738614263e-02
7.697013012363898010e-01 1.881717082240311895e-02
7.691890257208247039e-01 2.240659206648323853e-02
7.686774374926710340e-01 2.755773807885128837e-02
7.681665351737101410e-01 3.523651324781378047e-02
7.676563173894056513e-01 4.730013007551391035e-02
7.671467827688916996e-01 6.767262684181377108e-02
7.666379299449603835e-01 1.057508186950835150e-01
7.661297575540497728e-01 1.881520264434674572e-01
7.656222642362318087e-01 4.074651791474961926e-01
7.651154486351999795e-01 1.062133464387768012e+00
7.646093093982576638e-01 1.232640526109068935e+00
7.641038451763053629e-01 4.838590579705437378e-01
7.635990546238293764e-01 2.136102656675520350e-01
7.630949363988903666e-01 1.162672750995262516e-01
7.625914891631101478e-01 7.275990481142628752e-02
7.620887115816609159e-01 4.999167396049849360e-02
7.615866023232530369e-01 3.670112787769600621e-02
7.610851600601240552e-01 2.831454860995696529e-02
7.605843834680258153e-01 2.271144446538314599e-02
7.600842712262135814e-01 1.880587789537791280e-02
7.595848220174349352e-01 1.599778234395889120e-02
7.590860345279170085e-01 1.393564906449744172e-02
7.585879074473558248e-01 1.240447077128771329e-02
7.580904394689049752e-01 1.126908737576805437e-02
7.575936292891632950e-01 1.044410193823412832e-02
7.570974756081650936e-01 9.877566587462688688e-03
7.566019771293674978e-01 9.542510706401444859e-03
7.561071325596391279e-01 9.433669049099471446e-03
7.556129406092498835e-01 9.568681526886916797e-03
7.551193999918591748e-01 9.994700879547149114e-03
7.546265094245050431e-01 1.080376955467133790e-02
7.541342676275923917e-01 1.216535249342065757e-02
7.536426733248828835e-01 1.439690162602760143e-02
7.531517252434836163e-01 1.812854435599783529e-02
7.526614221138355765e-01 2.473094779336450222e-02
7.521717626697037584e-01 3.759728442927443709e-02
7.516827456481655068e-01 6.674697460976318497e-02
7.511943697895995253e-01 1.483454753269503046e-01
7.507066338376764403e-01 3.720888554873651444e-01
7.502195365393462545e-01 3.114261077142121970e-01
7.497330766448292438e-01 1.206907907836578531e-01
7.492472529076040777e-01 5.698310639104535447e-02
7.487620640843979380e-01 3.287625693282381079e-02
7.482775089351755282e-01 2.164578768117290247e-02
7.477935862231289699e-01 1.557947130215603035e-02
7.473102947146670338e-01 1.194388380673373946e-02
7.468276331794044820e-01 9.593716111695885576e-03
7.463456003901520752e-01 7.985090063514678135e-03
7.458641951229062483e-01 6.833970577877280725e-03
7.453834161568382299e-01 5.980607743258401637e-03
7.449032622742841614e-01 5.329669763405001093e-03
7.444237322607348828e-01 4.821450386807488511e-03
7.439448249048254969e-01 4.417027032076873728e-03
7.434665389983253769e-01 4.090158056656987250e-03
7.429888733361279529e-01 3.822640431047001023e-03
7.425118267162404972e-01 3.601538436000656634e-03
7.420353979397749100e-01 3.417469820977126361e-03
7.415595858109359506e-01 3.263513046566818114e-03
7.410843891370132441e-01 3.134491856787444478e-03
7.406098067283698461e-01 3.026496111030413643e-03
7.401358373984332495e-01 2.936554655729315538e-03
7.396624799636850600e-01 2.862408571756689182e-03
7.391897332436514478e-01 2.802352356782436202e-03
7.387175960608930447e-01 2.755122280574422676e-03
7.382460672409956182e-01 2.719818446113370786e-03
7.377751456125600793e-01 2.695851781183555753e-03
7.373048300071927130e-01 2.682910308701430893e-03
7.368351192594960741e-01 2.680941221933534537e-03
7.363660122070585512e-01 2.690146914596509668e-03
7.358975076904453738e-01 2.710994449826879295e-03
7.354296045531893977e-01 2.744239195859427081e-03
7.349623016417807797e-01 2.790964688596313595e-03
7.344955978056584289e-01 2.852642396598042886e-03
7.340294918971995708e-01 2.931217213697368245e-03
7.335639827717111983e-01 3.029227553253720836e-03
7.330990692874204129e-01 3.149973434504868205e-03
7.326347503054653210e-01 3.297752862023450166e-03
7.321710246898853747e-01 3.478197664996632126e-03
7.317078913076123792e-01 3.698757492372201170e-03
7.312453490284619440e-01 3.969409690987405447e-03
7.307833967251224916e-01 4.303722239859103342e-03
7.303220332731482634e-01 4.720483758695152854e-03
7.298612575509486611e-01 5.246272448943593847e-03
7.294010684397801425e-01 5.919633972121913015e-03
7.289414648237368954e-01 6.798126680852910331e-03
7.284824455897412898e-01 7.970713863757753620e-03
7.280240096275358841e-01 9.580670001004938652e-03
7.275661558296739884e-01 1.187050214242491714e-02
7.271088830915106715e-01 1.527659063649094116e-02
7.266521903111939906e-01 2.064701231767251607e-02
7.261960763896565529e-01 2.980188922382422806e-02
7.257405402306059683e-01 4.719545649616524452e-02
7.252855807405169664e-01 8.581674552534783451e-02
7.248311968286220708e-01 1.920975506373432118e-01
7.243773874069027174e-01 4.928008399709999376e-01
7.239241513900818159e-01 4.512998784915189243e-01
7.234714876956134244e-01 1.736693318082458692e-01
7.230193952436754223e-01 7.973613526706008203e-02
7.225678729571606285e-01 4.476203761642681689e-02
7.221169197616678082e-01 2.871989949994952634e-02
7.216665345854939018e-01 2.018792042259928698e-02
7.212167163596246988e-01 1.516434234396390850e-02
7.207674640177278436e-01 1.198815260101183076e-02
7.203187764961427320e-01 9.877410197414742202e-03
7.198706527338728511e-01 8.427873751682553663e-03
7.194230916725783409e-01 7.415612162600799390e-03
7.189760922565661128e-01 6.710578953933742791e-03
7.185296534327824114e-01 6.235615482860492817e-03
7.180837741508049321e-01 5.945963928330028590e-03
7.176384533628336060e-01 5.818988223178282911e-03
7.171936900236833834e-01 5.849686765545742892e-03
7.167494830907755743e-01 6.050320053444358838e-03
7.163058315241300766e-01 6.454179936334119606e-03
7.158627342863562726e-01 7.125323492671211366e-03
7.154201903426463671e-01 8.179255128813817111e-03
7.149781986607670614e-01 9.826862756616717640e-03
7.145367582110504490e-01 1.247358947414962428e-02
7.140958679663869102e-01 1.696581166603302118e-02
7.136555269022177850e-01 2.528731249555125557e-02
7.132157339965261578e-01 4.288666177141309266e-02
7.127764882298298632e-01 8.808877724087746386e-02
7.123377885851728264e-01 2.259284458255162997e-01
7.118996340481186236e-01 3.370813550648486534e-01
7.114620236067412673e-01 1.415008996326863888e-01
7.110249562516181010e-01 6.047612508518489249e-02
7.105884309758215833e-01 3.229832788751486883e-02
7.101524467749130709e-01 2.008494136338662486e-02
7.097170026469329374e-01 1.381564928351523662e-02
7.092820975923948001e-01 1.019561529653056908e-02
7.088477306142759726e-01 7.921106645689634379e-03
7.084139007180123571e-01 6.399024720552820220e-03
7.079806069114892297e-01 5.329676194284949445e-03
7.075478482050333584e-01 4.548836375692346702e-03
7.071156236114064519e-01 3.960544785956233126e-03
7.066839321457979439e-01 3.505734456334320525e-03
7.062527728258162218e-01 3.146451562627368068e-03
7.058221446714822989e-01 2.857413891136843190e-03
7.053920467052217091e-01 2.621256749227507486e-03
7.049624779518581796e-01 2.425736143290599823e-03
7.045334374386051923e-01 2.262020614421988117e-03
7.041049241950589899e-01 2.123613548675162051e-03
7.036769372531912481e-01 2.005653708335855719e-03
7.032494756473425257e-01 1.904449818707955062e-03
7.028225384142138266e-01 1.817164066225642393e-03
7.023961245928601604e-01 1.741592740791786560e-03
7.019702332246832155e-01 1.676011731054573685e-03
7.015448633534240308e-01 1.619066273178217195e-03
7.011200140251566681e-01 1.569691559827742769e-03
7.006956842882795522e-01 1.527055371616413458e-03
7.002718731935095864e-01 1.490516849624499117e-03
6.998485797938749364e-01 1.459597505246211166e-03
6.994258031447079249e-01 1.433961941028695378e-03
6.990035423036375928e-01 1.413406774858770544e-03
6.985817963305833711e-01 1.397857085693753705e-03
6.981605642877477536e-01 1.387370461162406622e-03
6.977398452396098572e-01 1.382149547329896084e-03
6.973196382529170956e-01 1.382565021038599778e-03
6.968999423966802942e-01 1.389192325362396995e-03
6.964807567421655854e-01 1.402867644877881046e-03
6.960620803628879694e-01 1.424771986595345374e-03
6.956439123346040976e-01 1.456557831829671801e-03
6.952262517353060556e-01 1.500542409501293009e-03
6.948090976452143686e-01 1.560008632625322885e-03
6.943924491467712290e-01 1.639685995740636096e-03
6.939763053246338353e-01 1.746543628496632699e-03
6.935606652656673976e-01 1.891147920156879218e-03
6.931455280589395862e-01 2.090091591757488147e-03
6.927308927957124274e-01 2.370574079470445707e-03
6.923167585694364190e-01 2.779601055578278124e-03
6.919031244757443133e-01 3.403940090926443288e-03
6.914899896124435674e-01 4.417755719140865553e-03
6.910773530795111252e-01 6.210977054827081581e-03
6.906652139790857570e-01 9.793404790352538969e-03
6.902535714154615087e-01 1.833276533464258881e-02
6.898424244950825956e-01 4.360637104084383320e-02
6.894317723265355191e-01 9.355737739609877590e-02
6.890216140205434048e-01 5.202840624185536139e-02
6.886119486899593412e-01 2.104475030024184276e-02
6.882027754497599403e-01 1.082618945670747734e-02
6.877940934170393428e-01 6.707909970921198221e-03
6.873859017110028891e-01 4.708193634298299922e-03
6.869781994529595703e-01 3.605773117564805164e-03
6.865709857663179205e-01 2.943982377046926602e-03
6.861642597765781337e-01 2.524088456419002272e-03
6.857580206113261800e-01 2.249489736339491033e-03
6.853522674002278103e-01 2.069414431745662548e-03
6.849469992750218950e-01 1.955897220157494076e-03
6.845422153695156497e-01 1.893479333046331828e-03
6.841379148195766424e-01 1.874368817564632268e-03
6.837340967631269084e-01 1.896250024913690617e-03
6.833307603401387320e-01 1.961637843753969487e-03
6.829279046926264307e-01 2.078468729640525064e-03
6.825255289646413592e-01 2.262184579243587974e-03
6.821236323022653592e-01 2.540310399137552921e-03
6.817222138536049858e-01 2.962060792024267218e-03
6.813212727687861792e-01 3.619402705292115805e-03
6.809208081999469364e-01 4.697291762034581410e-03
6.805208193012319828e-01 6.608282140007432776e-03
6.801213052287872207e-01 1.041262673868399366e-02
6.797222651407540672e-01 1.940120430325808359e-02
6.793236981972616828e-01 4.578447624555846696e-02
6.789256035604231965e-01 1.023144895304473889e-01
6.785279803943291554e-01 6.048510003991831169e-02
6.781308278650414190e-01 2.411210460547036014e-02
6.777341451405874961e-01 1.215396689406909349e-02
6.773379313909547728e-01 7.384529048004483988e-03
6.769421857880848492e-01 5.082873009359647511e-03
6.765469075058681003e-01 3.816681739159504590e-03
6.761520957201366810e-01 3.055137243401697105e-03
6.757577496086606406e-01 2.568640977881522791e-03
6.753638683511403729e-01 2.245956608356541265e-03
6.749704511292028419e-01 2.028605563559775400e-03
6.745774971263944764e-01 1.884169882135549494e-03
6.741850055281756182e-01 1.794368229118627894e-03
6.737929755219160821e-01 1.749422458723765613e-03
6.734014062968888270e-01 1.745436522621816866e-03
6.730102970442635169e-01 1.783485199466684290e-03
6.726196469571025238e-01 1.870013925876181510e-03
6.722294552303546000e-01 2.018767493241334365e-03
6.718397210608496595e-01 2.255261031232821609e-03
6.714504436472926718e-01 2.626465103220041591e-03
6.710616221902586664e-01 3.222712217291914902e-03
6.706732558921876253e-01 4.231913929446908668e-03
6.702853439573785987e-01 6.091793400882972512e-03
6.698978855919839326e-01 9.994037729823624164e-03
6.695108800040048269e-01 1.990596294752492931e-02
6.691243264032847859e-01 5.013633786704661116e-02
6.687382240015056212e-01 7.976709380777870229e-02
6.683525720121812341e-01 3.465085689646488915e-02
6.679673696506516212e-01 1.487068483069319338e-02
6.675826161340796538e-01 8.062630353239317454e-03
6.671983106814439735e-01 5.145060044570686462e-03
6.668144525135341061e-01 3.662200644999225041e-03
6.664310408529455776e-01 2.814936929370656041e-03
6.660480749240746956e-01 2.289802056027234571e-03
6.656655539531131094e-01 1.945320988288925038e-03
6.652834771680425918e-01 1.710685615158928120e-03
6.649018437986295993e-01 1.547690166928310154e-03
6.645206530764209418e-01 1.434677833447355706e-03
6.641399042347385651e-01 1.359169797250232110e-03
6.637595965086729999e-01 1.314313453952072009e-03
6.633797291350798098e-01 1.297220876949191836e-03
6.630003013525739286e-01 1.308431121683844515e-03
6.626213124015252198e-01 1.352301921600624138e-03
6.622427615240519261e-01 1.438589978436604407e-03
6.618646479640166724e-01 1.586174649428673256e-03
6.614869709670222475e-01 1.831504908339523247e-03
6.611097297804050532e-01 2.248995379456721413e-03
6.607329236532306638e-01 3.006035109911949985e-03
6.603565518362889408e-01 4.535636270328601526e-03
6.599806135820897035e-01 8.190724639891556330e-03
6.596051081448567333e-01 1.899891835285792349e-02
6.592300347805235550e-01 4.119696776362900131e-02
6.588553927467277749e-01 2.363526755093403944e-02
6.584811813028077498e-01 9.637516305434213129e-03
6.581073997097962591e-01 5.021219097817481922e-03
6.577340472304156194e-01 3.162925399140865349e-03
6.573611231290740209e-01 2.257399665613606110e-03
6.569886266718599765e-01 1.753512087701168632e-03
6.566165571265375478e-01 1.445865206509105126e-03
6.562449137625415707e-01 1.245169818533812959e-03
6.558736958509727710e-01 1.107920798794520415e-03
6.555029026645935453e-01 1.011051305038072282e-03
6.551325334778229648e-01 9.415707524213547943e-04
6.547625875667314466e-01 8.919044687606693909e-04
6.543930642090369787e-01 8.576572735362979465e-04
6.540239626841002352e-01 8.365240918032717469e-04
6.536552822729192469e-01 8.278277571300778721e-04
6.532870222581257380e-01 8.325032954797580197e-04
6.529191819239791306e-01 8.535678489601198227e-04
6.525517605563638801e-01 8.973915762515759578e-04
6.521847574427832583e-01 9.766844469937193979e-04
6.518181718723550233e-01 1.117808042759974897e-03
6.514520031358073116e-01 1.380672612317069116e-03
6.510862505254740862e-01 1.921749571454783173e-03
6.507209133352902519e-01 3.235141677499658343e-03
6.503559908607872142e-01 7.159225341255502986e-03
6.499914823990881052e-01 1.460104086157883174e-02
6.496273872489041201e-01 8.068201744802879632e-03
6.492637047105295212e-01 3.499560878758934193e-03
6.489004340858366415e-01 1.984584886464431548e-03
6.485375746782723327e-01 1.366672886921074543e-03
6.481751257928533017e-01 1.062091389735370529e-03
6.478130867361612255e-01 8.908018149734950319e-04
6.474514568163388661e-01 7.851350244788418697e-04
6.470902353430851850e-01 7.154927406076573137e-04
6.467294216276517904e-01 6.673948472412640984e-04
6.463690149828379417e-01 6.331518474309599147e-04
6.460090147229857749e-01 6.084451655346129195e-04
6.456494201639768615e-01 5.907875438177041458e-04
6.452902306232281004e-01 5.787898352160712355e-04
6.449314454196858337e-01 5.718170229168850413e-04
6.445730638738235152e-01 5.698690786673323884e-04
6.442150853076359374e-01 5.736428996342840276e-04
6.438575090446355675e-01 5.848251999798906916e-04
6.435003344098487732e-01 6.068122246546144407e-04
6.431435607298106039e-01 6.464081608448901499e-04
6.427871873325610164e-01 7.181285018312642127e-04
6.424312135476414332e-01 8.565464163059258434e-04
6.420756387060890802e-01 1.158207287741669323e-03
6.417204621404341003e-01 1.953377505872301145e-03
6.413656831846943351e-01 4.371714473770091369e-03
6.410113011743723277e-01 5.661291776689518843e-03
6.406573154464505482e-01 2.539528585436076017e-03
6.403037253393866202e-01 1.339690172809242545e-03
6.399505301931105450e-01 9.143322592034589490e-04
6.395977293490199278e-01 7.264061444898641624e-04
6.392453221499759808e-01 6.285963859334058219e-04
6.388933079402989712e-01 5.716887468670801093e-04
6.385416860657652238e-01 5.360045341328001367e-04
6.381904558736021249e-01 5.125650870709370314e-04
6.378396167124844585e-01 4.968785501415967426e-04
6.374891679325310756e-01 4.865739672767916682e-04
6.371391088852987883e-01 4.804026497017470994e-04
6.367894389237813701e-01 4.777946221091223275e-04
6.364401574024033392e-01 4.786760895709781666e-04
6.360912636770165163e-01 4.834425235124648209e-04
6.357427571048965831e-01 4.930711697843762108e-04
6.353946370447387526e-01 5.094310757608583838e-04
6.350469028566542162e-01 5.359722979641640952e-04
6.346995539021654809e-01 5.792774522011077259e-04
6.343525895442031493e-01 6.528417050052986396e-04
6.340060091471019232e-01 7.874458504534634102e-04
6.336598120765964959e-01 1.064501041414837087e-03
6.333139976998183318e-01 1.745807621156271429e-03
6.329685653852908933e-01 3.802421785469489637e-03
6.326235145029261986e-01 7.049944529914707429e-03
6.322788444240216021e-01 3.632193844072886379e-03
6.319345545212551318e-01 1.682539686838844086e-03
6.315906441686819361e-01 1.028922384233348303e-03
6.312471127417307315e-01 7.570974623416680755e-04
6.309039596172005826e-01 6.211453345042315275e-04
6.305611841732553513e-01 5.437472073185535158e-04
6.302187857894218093e-01 4.953737072849115353e-04
6.298767638465848639e-01 4.629415020494682129e-04
6.295351177269847831e-01 4.399708658768926241e-04
6.291938468142120877e-01 4.229661102794913109e-04
6.288529504932049985e-01 4.099098762634613359e-04
6.285124281502455501e-01 3.995728568817277391e-04
6.281722791729559274e-01 3.911716331077828325e-04
6.278325029502941357e-01 3.841878505024094118e-04
6.274930988725512249e-01 3.782674189509537921e-04
6.271540663313470709e-01 3.731617244326763906e-04
6.268154047196278222e-01 3.686919891103713912e-04
6.264771134316605705e-01 3.647269275173150725e-04
6.261391918630307973e-01 3.611683210525325769e-04
6.258016394106390434e-01 3.579414601589221093e-04
6.254644554726969119e-01 3.549886640546019798e-04
6.251276394487232935e-01 3.522647955194622353e-04
6.247911907395410358e-01 3.497340983462069743e-04
6.244551087472737239e-01 3.473679296106108299e-04
6.241193928753416831e-01 3.451431085253660607e-04
6.237840425284588708e-01 3.430406973206051981e-04
6.234490571126286573e-01 3.410450895030603976e-04
6.231144360351414946e-01 3.391433199045355081e-04
6.227801787045704751e-01 3.373245368499553439e-04
6.224462845307678904e-01 3.355795942580697480e-04
6.221127529248624555e-01 3.339007334588910462e-04
6.217795832992550897e-01 3.322813328239028496e-04
6.214467750676162527e-01 3.307157091518012266e-04
6.211143276448818362e-01 3.291989589151425501e-04
6.207822404472499445e-01 3.277268304706533724e-04
6.204505128921778967e-01 3.262956205172859838e-04
6.201191443983783413e-01 3.249020896895686117e-04
6.197881343858158143e-01 3.235433933637724114e-04
6.194574822757039634e-01 3.222170246455769425e-04
6.191271874905015515e-01 3.209207671812774735e-04
6.187972494539096813e-01 3.196526559478738935e-04
6.184676675908679089e-01 3.184109445722916763e-04
6.181384413275509138e-01 3.171940780368630221e-04
6.178095700913661670e-01 3.160006698695345538e-04
6.174810533109496014e-01 3.148294831100170829e-04
6.171528904161620588e-01 3.136794145003580039e-04
6.168250808380872918e-01 3.125494814808265276e-04
6.164976240090274118e-01 3.114388116888065360e-04
6.161705193625008903e-01 3.103466347684946300e-04
6.158437663332380074e-01 3.092722764124739400e-04
6.155173643571777431e-01 3.082151546851396727e-04
6.151913128714662227e-01 3.071747788402456707e-04
6.148656113144516100e-01 3.061507510681162709e-04
6.145402591256813318e-01 3.051427719377206135e-04
6.142152557458991913e-01 3.041506508132187396e-04
6.138906006170425922e-01 3.031743233641000582e-04
6.135662931822383204e-01 3.022138797134454966e-04
6.132423328858001010e-01 3.012696092829822534e-04
6.129187191732251572e-01 3.003420730058114032e-04
6.125954514911913229e-01 2.994322224068757146e-04
6.122725292875537129e-01 2.985416027754469472e-04
6.119499520113415025e-01 2.976727152146663191e-04
6.116277191127547086e-01 2.968296971081996432e-04
6.113058300431617464e-01 2.960196864583169063e-04
6.109842842550956554e-01 2.952557820247790990e-04
6.106630812022513233e-01 2.945641256776499080e-04
6.103422203394817114e-01 2.940030752404081257e-04
6.100217011227963004e-01 2.937239790249183925e-04
6.097015230093567606e-01 2.942043678238323774e-04
6.093816854574740649e-01 2.972175448654857484e-04
6.090621879266056027e-01 3.033892239160779995e-04
6.087430298773524040e-01 2.963625812627899004e-04
6.084242107714559200e-01 2.914613124128723936e-04
6.081057300717949143e-01 2.893996354882733034e-04
6.077875872423822434e-01 2.881974515354024033e-04
6.074697817483625251e-01 2.873245316328625044e-04
6.071523130560089188e-01 2.866225288188435270e-04
6.068351806327194620e-01 2.860389594418034725e-04
6.065183839470148497e-01 2.855599344654051832e-04
6.062019224685357699e-01 2.851904886482265898e-04
6.058857956680389067e-01 2.849491793146197919e-04
6.055700030173948312e-01 2.848685656731842083e-04
6.052545439895845591e-01 2.849997663010110627e-04
6.049394180586972203e-01 2.854219827570052812e-04
6.046246246999267271e-01 2.862603618847244847e-04
6.043101633895686664e-01 2.877200119964602384e-04
6.039960336050180789e-01 2.901542327248328814e-04
6.036822348247663506e-01 2.942116931933567254e-04
6.033687665283974377e-01 3.011848768963515605e-04
6.030556281965866461e-01 3.139389401466955083e-04
6.027428193110960786e-01 3.397952215020991554e-04
6.024303393547733032e-01 4.013342699543439164e-04
6.021181878115475783e-01 5.821749263467201159e-04
6.018063641664269658e-01 9.860826938313158561e-04
6.014948679054960001e-01 7.065709393645038319e-04
6.011836985159129121e-01 4.391838042979822731e-04
6.008728554859065207e-01 3.509463769234679527e-04
6.005623383047731245e-01 3.155837217720820743e-04
6.002521464628745029e-01 2.982549554119541080e-04
5.999422794516345858e-01 2.884534616801303080e-04
5.996327367635373440e-01 2.823057264458393571e-04
5.993235178921224593e-01 2.781429505992441716e-04
5.990146223319847696e-01 2.751593188586802085e-04
5.987060495787697167e-01 2.729328371331485900e-04
5.983977991291717924e-01 2.712313435546080263e-04
5.980898704809310962e-01 2.699267712350053605e-04
5.977822631328305603e-01 2.689560492254988310e-04
5.974749765846939509e-01 2.683056654707622495e-04
5.971680103373829818e-01 2.680125679801097574e-04
5.968613638927936504e-01 2.681838205298083954e-04
5.965550367538547949e-01 2.690507789789354544e-04
5.962490284245250960e-01 2.711069347591160477e-04
5.959433384097900799e-01 2.754880681302906368e-04
5.956379662156593424e-01 2.851861841713454276e-04
5.953329113491644398e-01 3.097279516964901534e-04
5.950281733183560018e-01 3.845523761426448907e-04
5.947237516323016226e-01 5.175785834394061461e-04
5.944196458010814199e-01 3.908955054887182563e-04
5.941158553357877015e-01 3.095600559132207332e-04
5.938123797485214128e-01 2.821737525081188976e-04
5.935092185523891395e-01 2.706594721156167001e-04
5.932063712615008866e-01 2.647487746245630411e-04
5.929038373909674142e-01 2.612532633304998487e-04
5.926016164568981281e-01 2.589707654691958644e-04
5.922997079763977490e-01 2.573778376809287313e-04
5.919981114675643141e-01 2.562238775332814763e-04
5.916968264494859575e-01 2.553841171084988352e-04
5.913958524422396890e-01 2.548006093101514466e-04
5.910951889668871750e-01 2.544582119467591838e-04
5.907948355454735179e-01 2.543777302494803724e-04
5.904947917010241465e-01 2.546213919123627113e-04
5.901950569575422634e-01 2.553135156985006805e-04
5.898956308400068460e-01 2.566894621815214023e-04
5.895965128743694272e-01 2.592101502657664707e-04
5.892977025875520969e-01 2.638526261708264197e-04
5.889991995074448372e-01 2.729489077998391148e-04
5.887010031629033024e-01 2.930599383088922007e-04
5.884031130837461543e-01 3.468401094030271171e-04
5.881055288007521753e-01 5.093843058039666631e-04
5.878082498456587146e-01 5.699916651028936023e-04
5.875112757511586903e-01 3.735995303429522920e-04
5.872146060508982579e-01 3.009439860497986380e-04
5.869182402794738129e-01 2.749789332645693530e-04
5.866221779724309915e-01 2.635182108568152100e-04
5.863264186662611177e-01 2.576847328679074140e-04
5.860309618983984281e-01 2.545021103786968887e-04
5.857358072072190724e-01 2.527955949638035333e-04
5.854409541320375610e-01 2.520581326871261974e-04
5.851464022131049880e-01 2.520781221251900414e-04
5.848521509916064787e-01 2.528043946634761898e-04
5.845582000096580799e-01 2.543013446427854645e-04
5.842645488103062057e-01 2.567502759869894264e-04
5.839711969375235290e-01 2.604901371296149495e-04
5.836781439362070945e-01 2.661152532265560256e-04
5.833853893521767642e-01 2.746848845382085492e-04
5.830929327321715538e-01 2.881892885332226523e-04
5.828007736238487446e-01 3.106798775316342836e-04
5.825089115757804414e-01 3.513629803092253173e-04
5.822173461374515746e-01 4.345243929785043272e-04
5.819260768592579014e-01 6.380750307696410589e-04
5.816351032925035636e-01 1.251170348163440152e-03
5.813444249893985338e-01 2.240987005477537968e-03
5.810540415030565065e-01 1.220218611362243726e-03
5.807639523874925658e-01 6.261875544225659626e-04
5.804741571976212988e-01 4.274038791938057310e-04
5.801846554892539087e-01 3.449681640236099286e-04
5.798954468190963274e-01 3.038384189508133455e-04
5.796065307447467729e-01 2.804716902605268155e-04
5.793179068246943064e-01 2.658927012839241012e-04
5.790295746183147241e-01 2.561305781694012194e-04
5.787415336858704462e-01 2.492211013010618768e-04
5.784537835885069645e-01 2.441058170031336523e-04
5.781663238882511768e-01 2.401745838264354466e-04
5.778791541480091665e-01 2.370560457651883801e-04
5.775922739315633159e-01 2.345138504410271393e-04
5.773056828035710852e-01 2.323918398845400946e-04
5.770193803295626811e-01 2.305835154161260637e-04
5.767333660759375036e-01 2.290142391976888233e-04
5.764476396099642574e-01 2.276304500308270714e-04
5.761622004997765112e-01 2.263929061574609263e-04
