2.292558562605334860e+00 6.021501322335286177e-02
2.287985504683433646e+00 6.774977817000814306e-02
2.283430671918146082e+00 7.690142179338763095e-02
2.278893955610755473e+00 8.816988900952546504e-02
2.274375247925234156e+00 1.022640382222875927e-01
2.269874441879701443e+00 1.202155552766589891e-01
2.265391431337982819e+00 1.435722333229294545e-01
2.260926111001269501e+00 1.747404208998016573e-01
2.256478376399877916e+00 2.176235007697218393e-01
2.252048123885104669e+00 2.788870761181920788e-01
2.247635250621177416e+00 3.706585380184234668e-01
2.243239654577299014e+00 5.168394984464921293e-01
2.238861234519790244e+00 7.696747794623172156e-01
2.234499890004316924e+00 1.260184263916774627e+00
2.230155521368213378e+00 2.382831542496791410e+00
2.225828029722893397e+00 5.581358876142774150e+00
2.221517316946347798e+00 1.369123978807219011e+01
2.217223285675732125e+00 9.829099343203472117e+00
2.212945839300040074e+00 3.771770617852607366e+00
2.208684881952858170e+00 1.777979884511827979e+00
2.204440318505206164e+00 1.007830358150934247e+00
2.200212054558461361e+00 6.441702493764609461e-01
2.195999996437361990e+00 4.464167954731809163e-01
2.191804051183092739e+00 3.276876069229807675e-01
2.187624126546445780e+00 2.510690580023189900e-01
2.183460130981067060e+00 1.988518112010063121e-01
2.179311973636770539e+00 1.617169519955578005e-01
2.175179564352935913e+00 1.343934725510819161e-01
2.171062813651977397e+00 1.137225113076723720e-01
2.166961632732889775e+00 9.771938196802013032e-02
2.162875933464862399e+00 8.508711687528955347e-02
2.158805628380971342e+00 7.494954814039618551e-02
2.154750630671939060e+00 6.669772811769325571e-02
2.150710854179963327e+00 5.989790862040163949e-02
2.146686213392620335e+00 5.423444140633205263e-02
2.142676623436831296e+00 4.947325002233023128e-02
2.138682000072897438e+00 4.543782619662591060e-02
2.134702259688605608e+00 4.199307682475533071e-02
2.130737319293392940e+00 3.903422083719208097e-02
2.126787096512584352e+00 3.647901050216824370e-02
2.122851509581685114e+00 3.426218738563476668e-02
2.118930477340746243e+00 3.233146906089993250e-02
2.115023919228783189e+00 3.064460256624136625e-02
2.111131755278264244e+00 2.916717304017468412e-02
2.107253906109652686e+00 2.787095475512216258e-02
2.103390292926016425e+00 2.673265697102072264e-02
2.099540837507686941e+00 2.573296078814541615e-02
2.095705462206989722e+00 2.485577300337517281e-02
2.091884089943018221e+00 2.408764359745423425e-02
2.088076644196477982e+00 2.341730793509767469e-02
2.084283049004576505e+00 2.283532502051802485e-02
2.080503228955977946e+00 2.233379052456934896e-02
2.076737109185803121e+00 2.190610866265696108e-02
2.072984615370691674e+00 2.154681095094358734e-02
2.069245673723915324e+00 2.125141281313418576e-02
2.065520210990539951e+00 2.101630123849591511e-02
2.061808154442647201e+00 2.083864840763643977e-02
2.058109431874600936e+00 2.071634755325312688e-02
2.054423971598368759e+00 2.064796841758292228e-02
2.050751702438891044e+00 2.063273058996880488e-02
2.047092553729501940e+00 2.067049382360496360e-02
2.043446455307397436e+00 2.076176519730094441e-02
2.039813337509153612e+00 2.090772375928773644e-02
2.036193131166291082e+00 2.111026412034002278e-02
2.032585767600885607e+00 2.137206141444301932e-02
2.028991178621229796e+00 2.169666119211938540e-02
2.025409296517537427e+00 2.208859925186849524e-02
2.021840054057689517e+00 2.255355828085004247e-02
2.018283384483035903e+00 2.309857065084562622e-02
2.014739221504230127e+00 2.373228006183695019e-02
2.011207499297114953e+00 2.446527932395513305e-02
2.007688152498646517e+00 2.531054798087727445e-02
2.004181116202867763e+00 2.628402254582952111e-02
2.000686325956915201e+00 2.740534512635063591e-02
1.997203717757075392e+00 2.869885513699038659e-02
1.993733228044877404e+00 3.019491675598370839e-02
1.990274793703229905e+00 3.193171676263484998e-02
1.986828352052593116e+00 3.395773154575370406e-02
1.983393840847198275e+00 3.633516199310678207e-02
1.979971198271296640e+00 3.914479386108210557e-02
1.976560362935457338e+00 4.249299970557108425e-02
1.973161273872894306e+00 4.652202965465561391e-02
1.969773870535838745e+00 5.142547796487823009e-02
1.966398092791942886e+00 5.747212117670398579e-02
1.963033880920725283e+00 6.504372218648535320e-02
1.959681175610049175e+00 7.469696709641687749e-02
1.956339917952639285e+00 8.726882128010959860e-02
1.953010049442631901e+00 1.040637498336018513e-01
1.949691511972163838e+00 1.272040081184557248e-01
1.946384247827991132e+00 1.603267020206684823e-01
1.943088199688147055e+00 2.100788453102012121e-01
1.939803310618630316e+00 2.896359651599314522e-01
1.936529524070128572e+00 4.280142813270472746e-01
1.933266783874776351e+00 6.987158082195296105e-01
1.930015034242941629e+00 1.325924253779050765e+00
1.926774219760049922e+00 3.135987822318107909e+00
1.923544285383435914e+00 7.441766672277239536e+00
1.920325176439229731e+00 4.885966192484877624e+00
1.917116838619272956e+00 1.893708411341869624e+00
1.913919217978066412e+00 9.116459810909220973e-01
1.910732260929746573e+00 5.269764246824237830e-01
1.907555914245096407e+00 3.435337707146896014e-01
1.904390125048579518e+00 2.431567282010503317e-01
1.901234840815411165e+00 1.826748010570976299e-01
1.898090009368651243e+00 1.435862502539814733e-01
1.894955578876332591e+00 1.169569049034003411e-01
1.891831497848612154e+00 9.806201226292220186e-02
1.888717715134955233e+00 8.421878647887980074e-02
1.885614179921342615e+00 7.381462159604912365e-02
1.882520841727509886e+00 6.583401086942194946e-02
1.879437650404210070e+00 5.961225320532425459e-02
1.876364556130506012e+00 5.469988081959267778e-02
1.873301509411087640e+00 5.078444547934678893e-02
1.870248461073616308e+00 4.764355034607915818e-02
1.867205362266092683e+00 4.511565256751632474e-02
1.864172164454256375e+00 4.308135820054795340e-02
1.861148819419003342e+00 4.145111861861502933e-02
1.858135279253833261e+00 4.015694751611905561e-02
1.855131496362320220e+00 3.914672942716631437e-02
1.852137423455608722e+00 3.838023813103242504e-02
1.849153013549931890e+00 3.782630757286159495e-02
1.846178219964156764e+00 3.746079513124515176e-02
1.843212996317349806e+00 3.726509991730780902e-02
1.840257296526368824e+00 3.722507703653882977e-02
1.837311074803476885e+00 3.733023962235481469e-02
1.834374285653977310e+00 3.757317419515587842e-02
1.831446883873875997e+00 3.794911772990887389e-02
1.828528824547560605e+00 3.845566058800845011e-02
1.825620063045505947e+00 3.909255063227749794e-02
1.822720555021999145e+00 3.986158198486915161e-02
1.819830256412887648e+00 4.076655806442748553e-02
1.816949123433347690e+00 4.181332348180444997e-02
1.814077112575675610e+00 4.300986361426684113e-02
1.811214180607096713e+00 4.436647463328449031e-02
1.808360284567599452e+00 4.589601079351392915e-02
1.805515381767785588e+00 4.761422025790509188e-02
1.802679429786744780e+00 4.954018603359309353e-02
1.799852386469944721e+00 5.169689521386146985e-02
1.797034209927146575e+00 5.411196830673682678e-02
1.794224858530333755e+00 5.681859186953487628e-02
1.791424290911665773e+00 5.985671322711516584e-02
1.788632465961447204e+00 6.327457757483583023e-02
1.785849342826118624e+00 6.713071799407729912e-02
1.783074880906262871e+00 7.149655197266369111e-02
1.780309039854634845e+00 7.645980026711117483e-02
1.777551779574203072e+00 8.212903526414354338e-02
1.774803060216217032e+00 8.863980211048966273e-02
1.772062842178283804e+00 9.616296221613679363e-02
1.769331086102472472e+00 1.049162273087903552e-01
1.766607752873425863e+00 1.151803539811368654e-01
1.763892803616498250e+00 1.273222764080116087e-01
1.761186199695903953e+00 1.418287868108666916e-01
1.758487902712887463e+00 1.593566286232150075e-01
1.755797874503906897e+00 1.808088011369125003e-01
1.753116077138837881e+00 2.074539669482148296e-01
1.750442472919188974e+00 2.411191280203532072e-01
1.747777024376338861e+00 2.845116590356304154e-01
1.745119694269784860e+00 3.417799369045150248e-01
1.742470445585410754e+00 4.195371073895892144e-01
1.739829241533769277e+00 5.288397648644382887e-01
1.737196045548378365e+00 6.892832894902798380e-01
1.734570821284036501e+00 9.382218548776519729e-01
1.731953532615150726e+00 1.353832340959943759e+00
1.729344143634080400e+00 2.121110647923197590e+00
1.726742618649495409e+00 3.756017733991934282e+00
1.724148922184751687e+00 8.024767363114525764e+00
1.721563018976276727e+00 2.094371499403803583e+01
1.718984873971974636e+00 2.754424952705137031e+01
1.716414452329641849e+00 1.106429922135054866e+01
1.713851719415399488e+00 4.775069565364945312e+00
1.711296640802137725e+00 2.549951370695352271e+00
1.708749182267975675e+00 1.570883634151255981e+00
1.706209309794733509e+00 1.064003054711677887e+00
1.703676989566421440e+00 7.702481021677759498e-01
1.701152187967735596e+00 5.856918739138546881e-01
1.698634871582576533e+00 4.625750916850221994e-01
1.696125007192571088e+00 3.765833007735358562e-01
1.693622561775615987e+00 3.143180601659558149e-01
1.691127502504426783e+00 2.679179474813860318e-01
1.688639796745107446e+00 2.325297549752322890e-01
1.686159412055723728e+00 2.050290860664248094e-01
1.683686316184898057e+00 1.833327168182893319e-01
1.681220477070409336e+00 1.660098223139226670e-01
1.678761862837809815e+00 1.520525252110054570e-01
1.676310441799051976e+00 1.407353879760640525e-01
1.673866182451128282e+00 1.315265780007938978e-01
1.671429053474721815e+00 1.240301158882141652e-01
1.668999023732870457e+00 1.179474045387127051e-01
1.666576062269639946e+00 1.130510501720719124e-01
1.664160138308812709e+00 1.091667159730769499e-01
1.661751221252582456e+00 1.061603454485118281e-01
1.659349280680265659e+00 1.039290526384538393e-01
1.656954286347021466e+00 1.023945685747078560e-01
1.654566208182581155e+00 1.014985074924284886e-01
1.652185016289993147e+00 1.011989580591175497e-01
1.649810680944373109e+00 1.014680647474801023e-01
1.647443172591671168e+00 1.022903728758649544e-01
1.645082461847443112e+00 1.036617865969533814e-01
1.642728519495638029e+00 1.055890442168670035e-01
1.640381316487392382e+00 1.080896575933825016e-01
1.638040823939836299e+00 1.111922975229467925e-01
1.635707013134908960e+00 1.149376391822367061e-01
1.633379855518186208e+00 1.193797144471771821e-01
1.631059322697714808e+00 1.245878548672907371e-01
1.628745386442860488e+00 1.306493543797776213e-01
1.626438018683161513e+00 1.376730398862281435e-01
1.624137191507197153e+00 1.457940181122881762e-01
1.621842877161460139e+00 1.551799797859670094e-01
1.619555048049243551e+00 1.660396038958451836e-01
1.617273676729533260e+00 1.786338417699346870e-01
1.614998735915914141e+00 1.932912145501974044e-01
1.612730198475478938e+00 2.104287959361784144e-01
1.610468037427754684e+00 2.305813871276704285e-01
1.608212225943629781e+00 2.544427135891531022e-01
1.605962737344297064e+00 2.829246162841848600e-01
1.603719545100200872e+00 3.172437694069565883e-01
1.601482622829995428e+00 3.590515329595486693e-01
1.599251944299511452e+00 4.106332435645276835e-01
1.597027483420730753e+00 4.752227280107198526e-01
1.594809214250771046e+00 5.575147107611365671e-01
1.592597110990876086e+00 6.645307822729690228e-01
1.590391147985417808e+00 8.071465686660620475e-01
1.588191299720904448e+00 1.002923371829683052e+00
1.585997540824998664e+00 1.281682024016836507e+00
1.583809846065540317e+00 1.697299475064047325e+00
1.581628190349583019e+00 2.355013722707830492e+00
1.579452548722431127e+00 3.482172286218542467e+00
1.577282896366694054e+00 5.640025443319069076e+00
1.575119208601339027e+00 1.048406325765484404e+01
1.572961460880756945e+00 2.398756228309305172e+01
1.570809628793836676e+00 6.098270899098871212e+01
1.568663688063042461e+00 5.103296305660266086e+01
1.566523614543503973e+00 1.950474246633746134e+01
1.564389384222107937e+00 8.983098107957125933e+00
1.562260973216605064e+00 5.011128179305651464e+00
1.560138357774716544e+00 3.167598648086688229e+00
1.558021514273252084e+00 2.176876385374419964e+00
1.555910419217233942e+00 1.586970953578128007e+00
1.553805049239028957e+00 1.208568784432290322e+00
1.551705381097486347e+00 9.518155255466591580e-01
1.549611391677082839e+00 7.698174228313884315e-01
1.547523057987075346e+00 6.362227091213348285e-01
1.545440357160660971e+00 5.353220190651533095e-01
1.543363266454141680e+00 4.572879489771546346e-01
1.541291763246096513e+00 3.957215707836809204e-01
1.539225825036563133e+00 3.463132251071966428e-01
1.537165429446222253e+00 3.060753768313245193e-01
1.535110554215589396e+00 2.728847062499244469e-01
1.533061177204215753e+00 2.451989077242713311e-01
1.531017276389892379e+00 2.218760383447586082e-01
1.528978829867862155e+00 2.020561070852052166e-01
1.526945815850037746e+00 1.850815689901683658e-01
1.524918212664225781e+00 1.704427828026058023e-01
1.522895998753357683e+00 1.577398656780638064e-01
1.520879152674726065e+00 1.466555473706722124e-01
1.518867653099227333e+00 1.369355449062393537e-01
1.516861478810610064e+00 1.283741688637365097e-01
1.514860608704729605e+00 1.208036269578390554e-01
1.512865021788810438e+00 1.140859786996709507e-01
1.510874697180708770e+00 1.081070164539332107e-01
1.508889614108188670e+00 1.027715636280870648e-01
1.506909751908196871e+00 9.799982730450960966e-02
1.504935090026148226e+00 9.372454380120151529e-02
1.502965608015214727e+00 8.988872641928116747e-02
1.501001285535618290e+00 8.644387475892638395e-02
1.499042102353934869e+00 8.334854089723039983e-02
1.497088038342396343e+00 8.056717373091158707e-02
1.495139073478204184e+00 7.806918181648528354e-02
1.493195187842844440e+00 7.582816909690028029e-02
1.491256361621411841e+00 7.382130838028368169e-02
1.489322575101934998e+00 7.202882531168215696e-02
1.487393808674710050e+00 7.043357154643563323e-02
1.485470042831636306e+00 6.902067039101392187e-02
1.483551258165563214e+00 6.777722168291534788e-02
1.481637435369633549e+00 6.669205539740917510e-02
1.479728555236639487e+00 6.575552558794725555e-02
1.477824598658377786e+00 6.495933793159087977e-02
1.475925546625017182e+00 6.429640546728837558e-02
1.474031380224461119e+00 6.376072816338831939e-02
1.472142080641723583e+00 6.334729279213148490e-02
1.470257629158304935e+00 6.305199026938325402e-02
1.468378007151576625e+00 6.287154817326821854e-02
1.466503196094164796e+00 6.280347661336445342e-02
1.464633177553344767e+00 6.284602600445206300e-02
1.462767933190435521e+00 6.299815562273997083e-02
1.460907444760203067e+00 6.325951210190261520e-02
1.459051694110263142e+00 6.363041727253310187e-02
1.457200663180493461e+00 6.411186497132380369e-02
1.455354334002446404e+00 6.470552665368436984e-02
1.453512688698771038e+00 6.541376584304244013e-02
1.451675709482633581e+00 6.623966164869207751e-02
1.449843378657146076e+00 6.718704178862433540e-02
1.448015678614799073e+00 6.826052577135567623e-02
1.446192591836898522e+00 6.946557912900959419e-02
1.444374100893004886e+00 7.080857986139788007e-02
1.442560188440379587e+00 7.229689855757776007e-02
1.440750837223433223e+00 7.393899401924811099e-02
1.438946030073178894e+00 7.574452663390157658e-02
1.437145749906690861e+00 7.772449225281366503e-02
1.435349979726562974e+00 7.989137994220125993e-02
1.433558702620379099e+00 8.225935772365229603e-02
1.431771901760176879e+00 8.484449133848415148e-02
1.429989560401925486e+00 8.766500220668685395e-02
1.428211661885000261e+00 9.074157216492720335e-02
1.426438189631667131e+00 9.409770433849840021e-02
1.424669127146564573e+00 9.776015173243790546e-02
1.422904458016194251e+00 1.017594279539304480e-01
1.421144165908412971e+00 1.061304180833417821e-01
1.419388234571931084e+00 1.109131123384980988e-01
1.417636647835810226e+00 1.161534911552383476e-01
1.415889389608968818e+00 1.219045980848091765e-01
1.414146443879689796e+00 1.282278471001336850e-01
1.412407794715131670e+00 1.351946243594602248e-01
1.410673426260842689e+00 1.428882623863451939e-01
1.408943322740281001e+00 1.514064886664659715e-01
1.407217468454333931e+00 1.608644832243251721e-01
1.405495847780847907e+00 1.713987242693954249e-01
1.403778445174152623e+00 1.831718625088769870e-01
1.402065245164596519e+00 1.963789506148546082e-01
1.400356232358082043e+00 2.112554756712135828e-01
1.398651391435604463e+00 2.280878159820387274e-01
1.396950707152795568e+00 2.472269952084380495e-01
1.395254164339468250e+00 2.691069767825619574e-01
1.393561747899167091e+00 2.942692941756257508e-01
1.391873442808720940e+00 3.233966520833974068e-01
1.390189234117796602e+00 3.573594324762814356e-01
1.388509106948461858e+00 3.972810898665292689e-01
1.386833046494743593e+00 4.446317289225885649e-01
1.385161038022196367e+00 5.013646280873782501e-01
1.383493066867469423e+00 5.701197637670536444e-01
1.381829118437878812e+00 6.545346482612620642e-01
1.380169178210981951e+00 7.597322167771660695e-01
1.378513231734156186e+00 8.931107966732398928e-01
1.376861264624178904e+00 1.065669696398717115e+00
1.375213262566811645e+00 1.294327648703210265e+00
1.373569211316387984e+00 1.606179747047318696e+00
1.371929096695401640e+00 2.046779089283111475e+00
1.370292904594101024e+00 2.697414824796389610e+00
1.368660620970083341e+00 3.714397912993103734e+00
1.367032231847895796e+00 5.428574113089177366e+00
1.365407723318633693e+00 8.634693936536642411e+00
1.363787081539546753e+00 1.559405309090982250e+01
1.362170292733646759e+00 3.420848077384877683e+01
1.360557343189316759e+00 8.943770898304032357e+01
1.358948219259922929e+00 1.000000000000000000e+02
1.357342907363431994e+00 3.892389795542248265e+01
1.355741393982026866e+00 1.717375549871566776e+01
1.354143665661731166e+00 9.297468655128344750e+00
1.352549709012028867e+00 5.760792713071997362e+00
1.350959510705493472e+00 3.903203600779597604e+00
1.349373057477414539e+00 2.815043354689287458e+00
1.347790336125432642e+00 2.125446369536823976e+00
1.346211333509169439e+00 1.661909952914471633e+00
1.344636036549867075e+00 1.335794011013548888e+00
1.343064432230025584e+00 1.097893939577857081e+00
1.341496507593046950e+00 9.191659882482423605e-01
1.339932249742877168e+00 7.815893395849654590e-01
1.338371645843654534e+00 6.735110556362047252e-01
1.336814683119357472e+00 5.871297574536316066e-01
1.335261348853457264e+00 5.170660275143603712e-01
1.333711630388572322e+00 4.595151228624433926e-01
1.332165515126123578e+00 4.117262073325569927e-01
1.330622990525994309e+00 3.716720031432462212e-01
1.329084044106191742e+00 3.378333669769562064e-01
1.327548663442509325e+00 3.090553598352979714e-01
1.326016836168193880e+00 2.844490114926517266e-01
1.324488549973613427e+00 2.633230132364748344e-01
1.322963792605928557e+00 2.451354594716935176e-01
1.321442551868763582e+00 2.294593107278650457e-01
1.319924815621882574e+00 2.159574502452508982e-01
1.318410571780868290e+00 2.043646035494222635e-01
1.316899808316798648e+00 1.944743022671384658e-01
1.315392513255931206e+00 1.861296883516839473e-01
1.313888674679385193e+00 1.792173892134191204e-01
1.312388280722829759e+00 1.736640240253388978e-01
1.310891319576169778e+00 1.694351816119139820e-01
1.309397779483237878e+00 1.665369878446142371e-01
1.307907648741486906e+00 1.650207060708302198e-01
1.306420915701684393e+00 1.649912562255881343e-01
1.304937568767609024e+00 1.666212050610786921e-01
1.303457596395749762e+00 1.701728593238017728e-01
1.301980987095005426e+00 1.760329327109537434e-01
1.300507729426390702e+00 1.847675275113645488e-01
1.299037812002737935e+00 1.972112311877956825e-01
1.297571223488404923e+00 2.146158557129276001e-01
1.296107952598984259e+00 2.389081716547839240e-01
1.294647988101014224e+00 2.731571422566230756e-01
1.293191318811691248e+00 3.224683101985938993e-01
1.291737933598584798e+00 3.958125361691666733e-01
1.290287821379353828e+00 5.100805970020237945e-01
1.288840971121466117e+00 7.000306191616293416e-01
1.287397371841917382e+00 1.046050294799613534e+00
1.285957012606955496e+00 1.765532143662992715e+00
1.284519882531802937e+00 3.577233508362886560e+00
1.283085970780384333e+00 9.094604478962837746e+00
1.281655266565052909e+00 1.512816167581774351e+01
1.280227759146322253e+00 6.657748129364751577e+00
1.278803437832595202e+00 2.788234571410395990e+00
1.277382291979900275e+00 1.464281478582996510e+00
1.275964310991624107e+00 9.002830160894971234e-01
1.274549484318249437e+00 6.144988107204099048e-01
1.273137801457094209e+00 4.511680562371787051e-01
1.271729251952051554e+00 3.494678353559320105e-01
1.270323825393331107e+00 2.820042742443127914e-01
1.268921511417203885e+00 2.350436480106621040e-01
1.267522299705748257e+00 2.011090310354542721e-01
1.266126179986595268e+00 1.758565648963466566e-01
1.264733142032679059e+00 1.566272136648478308e-01
1.263343175661987061e+00 1.417223691669881325e-01
1.261956270737311980e+00 1.300182397871547935e-01
1.260572417166005765e+00 1.207496603552618147e-01
1.259191604899734696e+00 1.133834857970875409e-01
1.257813823934237130e+00 1.075416687718345893e-01
1.256439064309081921e+00 1.029530632415005809e-01
1.255067316107427278e+00 9.942246597531077812e-02
1.253698569455785394e+00 9.681036598755356215e-02
1.252332814523782645e+00 9.501957690212535501e-02
1.250970041523927323e+00 9.398646081902130300e-02
1.249610240711374054e+00 9.367535601475147911e-02
1.248253402383692867e+00 9.407537768297055680e-02
1.246899516880637382e+00 9.519912553186603288e-02
1.245548574583917878e+00 9.708309399688380692e-02
1.244200565916972145e+00 9.978979722147765519e-02
1.242855481344739887e+00 1.034118348132269660e-01
1.241513311373437789e+00 1.080783770464295024e-01
1.240174046550337916e+00 1.139648908885222273e-01
1.238837677463543452e+00 1.213074371672531737e-01
1.237504194741770869e+00 1.304236702479027732e-01
1.236173589054129662e+00 1.417439858701858291e-01
1.234845851109905635e+00 1.558584959545935844e-01
1.233520971658344623e+00 1.735894347193280007e-01
1.232198941488438226e+00 1.961057526265970463e-01
1.230879751428709756e+00 2.251102107777513961e-01
1.229563392347003292e+00 2.631561540339749095e-01
1.228249855150272740e+00 3.142071760082059129e-01
1.226939130784372889e+00 3.846769094219892882e-01
1.225631210233851132e+00 4.854805091248599602e-01
1.224326084521741853e+00 6.363885583644064425e-01
1.223023744709360594e+00 8.761397179509646804e-01
1.221724181896099770e+00 1.288758351904987887e+00
1.220427387219227944e+00 2.082783816064272209e+00
1.219133351853686209e+00 3.877629275776949491e+00
1.217842067011890572e+00 8.919938877291928137e+00
1.216553523943530779e+00 2.241656041916886011e+01
1.215267713935375360e+00 1.778817154292914182e+01
1.213984628311073566e+00 6.811377736125283633e+00
1.212704258430961524e+00 3.170436660420538288e+00
1.211426595691867725e+00 1.784928355045195092e+00
1.210151631526921623e+00 1.137878663430763826e+00
1.208879357405361343e+00 7.886166556598117605e-01
1.207609764832343835e+00 5.799748592865761054e-01
1.206342845348756798e+00 4.458000536509033607e-01
1.205078590531029947e+00 3.545780613494755595e-01
1.203816991990949603e+00 2.898158970393329148e-01
1.202558041375472175e+00 2.422253577115579815e-01
1.201301730366540976e+00 2.062602568886329479e-01
1.200048050680903033e+00 1.784469425067513604e-01
1.198796994069927235e+00 1.565220482776792932e-01
1.197548552319423143e+00 1.389610458702154883e-01
1.196302717249462244e+00 1.247078279523304023e-01
1.195059480714198763e+00 1.130131532483992229e-01
1.193818834601692913e+00 1.033346999851868370e-01
1.192580770833734150e+00 9.527335006016977859e-02
1.191345281365666642e+00 8.853151634339270770e-02
1.190112358186214747e+00 8.288530061754577349e-02
1.188881993317310259e+00 7.816558448735602682e-02
1.187654178813920547e+00 7.424506011757035784e-02
1.186428906763877356e+00 7.102933967276453542e-02
1.185206169287707612e+00 6.845098031139822126e-02
1.183985958538464667e+00 6.646571265636605497e-02
1.182768266701559767e+00 6.505047380707792981e-02
1.181553085994597296e+00 6.420309033410125099e-02
1.180340408667206686e+00 6.394368377228251688e-02
1.179130227000880105e+00 6.431813038482590839e-02
1.177922533308807251e+00 6.540426183452609232e-02
1.176717319935714157e+00 6.732204459544992303e-02
1.175514579257700420e+00 7.024990454792948147e-02
1.174314303682079341e+00 7.445101952174616733e-02
1.173116485647218266e+00 8.031650239081555842e-02
1.171921117622380049e+00 8.843848092839150243e-02
1.170728192107564958e+00 9.973865099616570362e-02
1.169537701633354354e+00 1.157054184507233380e-01
1.168349638760755038e+00 1.388573350629503100e-01
1.167163996081044708e+00 1.737148013579273009e-01
1.165980766215617637e+00 2.290226599533495555e-01
1.164799941815831463e+00 3.234222083106296219e-01
1.163621515562856867e+00 5.021022709009426155e-01
1.162445480167524581e+00 8.951723347755408122e-01
1.161271828370176395e+00 1.962461496390913940e+00
1.160100552940516172e+00 5.070192061011451479e+00
1.158931646677460625e+00 5.147330422471056544e+00
1.157765102408992552e+00 1.995201147448316892e+00
1.156600912992014507e+00 9.037888885532966432e-01
1.155439071312202470e+00 5.028137559400834844e-01
1.154279570283861300e+00 3.204976008009290389e-01
1.153122402849781958e+00 2.238052478941746914e-01
1.151967561981097177e+00 1.667006742437090461e-01
1.150815040677139356e+00 1.302426883199181984e-01
1.149664831965300227e+00 1.055603177319186237e-01
1.148516928900890299e+00 8.807101270882894406e-02
1.147371324566997863e+00 7.522027233085364084e-02
1.146228012074351987e+00 6.549514477553752823e-02
1.145086984561183296e+00 5.795430548045741453e-02
1.143948235193088081e+00 5.198773929284290773e-02
1.142811757162891295e+00 4.718642199947700733e-02
1.141677543690509999e+00 4.326809232796589855e-02
1.140545588022821910e+00 4.003317310861191636e-02
1.139415883433527510e+00 3.733764703625386955e-02
1.138288423223020152e+00 3.507584971055707768e-02
1.137163200718252165e+00 3.316926993553549058e-02
1.136040209272603851e+00 3.155910707344656424e-02
1.134919442265753364e+00 3.020125160519957289e-02
1.133800893103544816e+00 2.906287991718656261e-02
1.132684555217861933e+00 2.812016643542761957e-02
1.131570422066497272e+00 2.735681027258520318e-02
1.130458487133026102e+00 2.676320228723986019e-02
1.129348743926678278e+00 2.633615357733353618e-02
1.128241185982213235e+00 2.607918993267651156e-02
1.127135806859794309e+00 2.600350831591404996e-02
1.126032600144863283e+00 2.612981519749041012e-02
1.124931559448017593e+00 2.649146087634837721e-02
1.123832678404886654e+00 2.713961929656819039e-02
1.122735950676009287e+00 2.815188049250242838e-02
1.121641369946712041e+00 2.964682318840763595e-02
1.120548929926987736e+00 3.180959616638406179e-02
1.119458624351376441e+00 3.493888687139690141e-02
1.118370446978844690e+00 3.953809439433034201e-02
1.117284391592666681e+00 4.650483513477571273e-02
1.116200452000305932e+00 5.755962988457204166e-02
1.115118622033298923e+00 7.632455054259024152e-02
1.114038895547136754e+00 1.114326876148914458e-01
1.112961266421149675e+00 1.871866716774881756e-01
1.111885728558391628e+00 3.875888303350626951e-01
1.110812275885524780e+00 9.901255802823413221e-01
1.109740902352706948e+00 1.205884647336284976e+00
1.108671601933476136e+00 4.848046614743160565e-01
1.107604368624638180e+00 2.191314246927550113e-01
1.106539196446156170e+00 1.240729788198761951e-01
1.105476079441036985e+00 8.181175062129697473e-02
1.104415011675221159e+00 5.976559351093636840e-02
1.103355987237472302e+00 4.692001868699090944e-02
1.102299000239268301e+00 3.882356389077828290e-02
1.101244044814691403e+00 3.341970393160616226e-02
1.100191115120320307e+00 2.965772265093948035e-02
1.099140205335122022e+00 2.695757048817560772e-02
1.098091309660345738e+00 2.497902465281304218e-02
1.097044422319415125e+00 2.351278247777485383e-02
1.095999537557822867e+00 2.242523614937793480e-02
1.094956649643025859e+00 2.162877316897226718e-02
1.093915752864339730e+00 2.106502254515863620e-02
1.092876841532835153e+00 2.069504140349557111e-02
1.091839909981234813e+00 2.049341334825241154e-02
1.090804952563809049e+00 2.044466170252639062e-02
1.089771963656275933e+00 2.054110824770069219e-02
1.088740937655696239e+00 2.078169847157854827e-02
1.087711868980375973e+00 2.117153791285684289e-02
1.086684752069762672e+00 2.172202513938621682e-02
1.085659581384347261e+00 2.245157074021134069e-02
1.084636351405563914e+00 2.338698741814548843e-02
1.083615056635691243e+00 2.456574832565605951e-02
1.082595691597753707e+00 2.603946834584922737e-02
1.081578250835425026e+00 2.787921092756054028e-02
1.080562728912928927e+00 3.018364054567417715e-02
1.079549120414944552e+00 3.309177860926622305e-02
1.078537419946508757e+00 3.680348104159512912e-02
1.077527622132921969e+00 4.161337564050530263e-02
1.076519721619651815e+00 4.796928964331777234e-02
1.075513713072239197e+00 5.657748693218824648e-02
1.074509591176204149e+00 6.860268878242829771e-02
1.073507350636953239e+00 8.607367934701659618e-02
1.072506986179685207e+00 1.127735945781493665e-01
1.071508492549299918e+00 1.563968048915058973e-01
1.070511864510304667e+00 2.344724512764835844e-01
1.069517096846725579e+00 3.934674379724643623e-01
1.068524184362014351e+00 7.834109468638809082e-01
1.067533121878958102e+00 1.959744210462092351e+00
1.066543904239591667e+00 3.726675026906234756e+00
1.065556526305105223e+00 1.789500278664593269e+00
1.064570982955757694e+00 7.292130828695226885e-01
1.063587269090787046e+00 3.735638111609818068e-01
1.062605379628323909e+00 2.257846556743428323e-01
1.061625309505302317e+00 1.523079734214969339e-01
1.060647053677374219e+00 1.109560309216304358e-01
1.059670607118822661e+00 8.556643361504558121e-02
1.058695964822475633e+00 6.896264663527004735e-02
1.057723121799620802e+00 5.758656022014323195e-02
1.056752073079920473e+00 4.951894388143748826e-02
1.055782813711327206e+00 4.365420395478430970e-02
1.054815338759999888e+00 3.932149305138621376e-02
1.053849643310218909e+00 3.609675819721960832e-02
1.052885722464305340e+00 3.370345401505567967e-02
1.051923571342535890e+00 3.195733215887270467e-02
1.050963185083062523e+00 3.073445186088008541e-02
1.050004558841829416e+00 2.995207096305042144e-02
1.049047687792491912e+00 2.955704009981890978e-02
1.048092567126336583e+00 2.951880232019820499e-02
1.047139192052199741e+00 2.982540984786422392e-02
1.046187557796387724e+00 3.048170730389021185e-02
1.045237659602596958e+00 3.150928764917852731e-02
1.044289492731836244e+00 3.294815861961986753e-02
1.043343052462346821e+00 3.486036186857906921e-02
1.042398334089523759e+00 3.733614897665529092e-02
1.041455332925839361e+00 4.050384298239877168e-02
1.040514044300764773e+00 4.454537119756370872e-02
1.039574463560693829e+00 4.972096114756342083e-02
1.038636586068865997e+00 5.640928170941791192e-02
1.037700407205289554e+00 6.517473649407667935e-02
1.036765922366666981e+00 7.688471312152217463e-02
1.035833126966320128e+00 9.292362166024693837e-02
1.034902016434112504e+00 1.156061508917810010e-01
1.033972586216377776e+00 1.490312741789479034e-01
1.033044831775844496e+00 2.010009629791963959e-01
1.032118748591562163e+00 2.878071293584010815e-01
1.031194332158827942e+00 4.478823083545622752e-01
1.030271577989113618e+00 7.879631959048729595e-01
1.029350481609994317e+00 1.671750018111495706e+00
1.028431038565075006e+00 4.353477323097858509e+00
1.027513244413918336e+00 5.923255053908261125e+00
1.026597094731975135e+00 2.401329725878398769e+00
1.025682585110511580e+00 1.031433072097429848e+00
1.024769711156539698e+00 5.489632945991971269e-01
1.023858468492747198e+00 3.374720781127049651e-01
1.022948852757425975e+00 2.281937272150006413e-01
1.022040859604405272e+00 1.648927634408612342e-01
1.021134484702980405e+00 1.250892597818644425e-01
1.020229723737845040e+00 9.847964038418234589e-02
1.019326572409021692e+00 7.982849253956257607e-02
1.018425026431796443e+00 6.625498415164614296e-02
1.017525081536647669e+00 5.607052059137747346e-02
1.016626733469180754e+00 4.823330008295746707e-02
1.015729977990062149e+00 4.207276558814782019e-02
1.014834810874950088e+00 3.714168561362799631e-02
1.013941227914431087e+00 3.313260597342451014e-02
1.013049224913951329e+00 2.982857742154653574e-02
1.012158797693754053e+00 2.707299861511670847e-02
1.011269942088812490e+00 2.475055378891595492e-02
1.010382653948765030e+00 2.277481798320067294e-02
1.009496929137851495e+00 2.107999380414826360e-02
1.008612763534848744e+00 1.961527869042418645e-02
1.007730153033007170e+00 1.834094805065771688e-02
1.006849093539986084e+00 1.722558226798341294e-02
1.005969580977791544e+00 1.624407137905306553e-02
1.005091611282713737e+00 1.537615798030483871e-02
1.004215180405263697e+00 1.460535875094791207e-02
1.003340284310111796e+00 1.391815631595249431e-02
1.002466918976025134e+00 1.330338680598357019e-02
1.001595080395807358e+00 1.275177089184384958e-02
1.000724764576236048e+00 1.225555125693697685e-02
9.998559675380025435e-01 1.180820990994448615e-02
9.989886853156515478e-01 1.140424601459973271e-02
9.981229139575207299e-01 1.103900004875753120e-02
9.972586495256805517e-01 1.070851377430543337e-02
9.963958880958748709e-01 1.040941815187440035e-02
9.955346257574615443e-01 1.013884327332935376e-02
9.946748586133541403e-01 9.894345818559946090e-03
9.938165827799620988e-01 9.673850615394313096e-03
9.929597943871327770e-01 9.475603693931673385e-03
9.921044895780938289e-01 9.298134851549450311e-03
9.912506645093952518e-01 9.140228234750764208e-03
9.903983153508516546e-01 9.000899837790527630e-03
9.895474382854848594e-01 8.879381145442555995e-03
9.886980295094678350e-01 8.775108432232526026e-03
9.878500852320675207e-01 8.687717493435907767e-03
9.870036016755887598e-01 8.617043843303201153e-03
9.861585750753177892e-01 8.563128693243823170e-03
9.853150016794670618e-01 8.526231339988589800e-03
9.844728777491201788e-01 8.506848979807968281e-03
9.836321995581758237e-01 8.505745458190000149e-03
9.827929633932931397e-01 8.523991118964365996e-03
9.819551655538376611e-01 8.563016810933519671e-03
9.811188023518269130e-01 8.624686359858264179e-03
9.802838701118756770e-01 8.711393595411355203e-03
9.794503651711428116e-01 8.826192608892448679e-03
9.786182838792778504e-01 8.972973737052407361e-03
9.777876225983678227e-01 9.156703508730325639e-03
9.769583777028838512e-01 9.383755581503712070e-03
9.761305455796289721e-01 9.662373421709282220e-03
9.753041226276853992e-01 1.000332737503917789e-02
9.744791052583632318e-01 1.042086451779943197e-02
9.736554898951470527e-01 1.093410954393034783e-02
9.728332729736459683e-01 1.156917809593963932e-02
9.720124509415412062e-01 1.236244741149181321e-02
9.711930202585357108e-01 1.336576728840288726e-02
9.703749773963024072e-01 1.465504321701724746e-02
9.695583188384347961e-01 1.634492734920798759e-02
9.687430410803962166e-01 1.861511601797423421e-02
9.679291406294694422e-01 2.175998260111295865e-02
9.671166140047071647e-01 2.628838954946594378e-02
9.663054577368823672e-01 3.314055634094457969e-02
9.654956683684398078e-01 4.420681552037265816e-02
9.646872424534453927e-01 6.372931561205603945e-02
9.638801765575389924e-01 1.027297806516745404e-01
9.630744672578845922e-01 1.959258056744035692e-01
9.622701111431231080e-01 4.724359608595837257e-01
9.614671048133237585e-01 1.000874048989491616e+00
9.606654448799361035e-01 5.431948163850804923e-01
9.598651279657426372e-01 2.190307848181916595e-01
9.590661507048118262e-01 1.119796454763142129e-01
9.582685097424504805e-01 6.869137818029058540e-02
9.574722017351569026e-01 4.763568167042431245e-02
9.566772233505744794e-01 3.601944829694094657e-02
9.558835712674457197e-01 2.903971281837919652e-02
9.550912421755647363e-01 2.459734903597740954e-02
9.543002327757330594e-01 2.166529379031204017e-02
9.535105397797123405e-01 1.969658195416216021e-02
9.527221599101799443e-01 1.838080240587619887e-02
9.519350899006832067e-01 1.753354004525733284e-02
9.511493264955946936e-01 1.704214482010695669e-02
9.503648664500666809e-01 1.683748493015444631e-02
9.495817065299877457e-01 1.687859722296397233e-02
9.487998435119376905e-01 1.714419102554046170e-02
9.480192741831430236e-01 1.762807248525352644e-02
9.472399953414338825e-01 1.833703807691685825e-02
9.464620037951998466e-01 1.929055753781530602e-02
9.456852963633465281e-01 2.052202851550031376e-02
9.449098698752520509e-01 2.208173581019114498e-02
9.441357211707248620e-01 2.404201353084113590e-02
9.433628470999596560e-01 2.650561178250982267e-02
9.425912445234957415e-01 2.961909122047189438e-02
9.418209103121737424e-01 3.359454210883772163e-02
9.410518413470944088e-01 3.874573480855811325e-02
9.402840345195757621e-01 4.555046681927563818e-02
9.395174867311113509e-01 5.476292558766598928e-02
9.387521948933292837e-01 6.762726118311870871e-02
9.379881559279502623e-01 8.631056803424937141e-02
9.372253667667463928e-01 1.148528632343956274e-01
9.364638243515006621e-01 1.614672408366934764e-01
9.357035256339651941e-01 2.448520615280948831e-01
9.349444675758219470e-01 4.145274452680416943e-01
9.341866471486415247e-01 8.301971523955815613e-01
9.334300613338428754e-01 2.083415163579657836e+00
9.326747071226534347e-01 3.990565282270392089e+00
9.319205815160699347e-01 1.922559961860890176e+00
9.311676815248176586e-01 7.788916802298028186e-01
9.304160041693121386e-01 3.955455251425070706e-01
9.296655464796188539e-01 2.363970197645974824e-01
9.289163054954153731e-01 1.572867842167557095e-01
9.281682782659514963e-01 1.127443170469617784e-01
9.274214618500109530e-01 8.536103445256522371e-02
9.266758533158728772e-01 6.741185939757864121e-02
9.259314497412740597e-01 5.506819059815541706e-02
9.251882482133699792e-01 4.626521857659346426e-02
9.244462458286972772e-01 3.981337489461134888e-02
9.237054396931361211e-01 3.499058252563480576e-02
9.229658269218726785e-01 3.134009210507202742e-02
9.222274046393614810e-01 2.856376427340348925e-02
9.214901699792881207e-01 2.646281041174053036e-02
9.207541200845331675e-01 2.490357073030855309e-02
9.200192521071340890e-01 2.379724098600171506e-02
9.192855632082491679e-01 2.308782290897490666e-02
9.185530505581211980e-01 2.274527929733910492e-02
9.178217113360410684e-01 2.276234905557841109e-02
9.170915427303112377e-01 2.315438723004575525e-02
9.163625419382103177e-01 2.396229800350047415e-02
9.156347061659568798e-01 2.525938092401967816e-02
9.149080326286742615e-01 2.716400429150615456e-02
9.141825185503544837e-01 2.986195117117224074e-02
9.134581611638238341e-01 3.364609463437023829e-02
9.127349577107065626e-01 3.898918439272637537e-02
9.120129054413915748e-01 4.668414553933864647e-02
9.112920016149960167e-01 5.813246538912493488e-02
9.105722434993314129e-01 7.598694238869384276e-02
9.098536283708694716e-01 1.057381878893167426e-01
9.091361535147075568e-01 1.601761027189980979e-01
9.084198162245342711e-01 2.742145179536718547e-01
9.077046138025957056e-01 5.645398784558504079e-01
9.069905435596620213e-01 1.449442153222967988e+00
9.062776028149930330e-01 2.253784805970588501e+00
9.055657888963056790e-01 9.595378965002031579e-01
9.048550991397398269e-01 4.057008793511783229e-01
9.041455308898252996e-01 2.143865543319694589e-01
9.034370814994497900e-01 1.320887241244097787e-01
9.027297483298246661e-01 9.013493881116106665e-02
9.020235287504526633e-01 6.608277005234103330e-02
9.013184201390963546e-01 5.109558000873992006e-02
9.006144198817443991e-01 4.116930472884026276e-02
8.999115253725800123e-01 3.428792548257813405e-02
8.992097340139486583e-01 2.935093188347267373e-02
8.985090432163262975e-01 2.571841478774940931e-02
8.978094503982875230e-01 2.299934612684851817e-02
8.971109529864740306e-01 2.094543098050491436e-02
8.964135484155623113e-01 1.939460146418546874e-02
8.957172341282341188e-01 1.823947869394405494e-02
8.950220075751433857e-01 1.740916505774588868e-02
8.943278662148861358e-01 1.685858134051107515e-02
8.936348075139693981e-01 1.656237431000242427e-02
8.929428289467805646e-01 1.651187403346417865e-02
8.922519279955564153e-01 1.671441825778503115e-02
8.915621021503532528e-01 1.719495039839386702e-02
8.908733489090159274e-01 1.800036871767405483e-02
8.901856657771481940e-01 1.920788457315541348e-02
8.894990502680819588e-01 2.093999581525515796e-02
8.888134999028483030e-01 2.339133627512115718e-02
8.881290122101467288e-01 2.687835521695880470e-02
8.874455847263167385e-01 3.193594551888431776e-02
8.867632149953068588e-01 3.951817159829188603e-02
8.860819005686466632e-01 5.145146268137040790e-02
8.854016390054162411e-01 7.157158791848676482e-02
8.847224278722185531e-01 1.089884239932869814e-01
8.840442647431492329e-01 1.892216591618614552e-01
8.833671471997684987e-01 4.000270807551117858e-01
8.826910728310719545e-01 1.036357825833473578e+00
8.820160392334627231e-01 1.315874200512625380e+00
8.813420440107221365e-01 5.274079083022743530e-01
8.806690847739823136e-01 2.316028912108984150e-01
8.799971591416971828e-01 1.264180015026113990e-01
8.793262647396155041e-01 7.992839431274380291e-02
8.786563992007516699e-01 5.579178126582040598e-02
8.779875601653589490e-01 4.178722745850735332e-02
8.773197452809011754e-01 3.299576940689735727e-02
8.766529522020259924e-01 2.715201724305477474e-02
8.759871785905366526e-01 2.310157220894245439e-02
8.753224221153650397e-01 2.020878072896305916e-02
8.746586804525444681e-01 1.810198461407969139e-02
8.739959512851834811e-01 1.655366124013789297e-02
8.733342323034374299e-01 1.541985195199483023e-02
8.726735212044824941e-01 1.460777830625407427e-02
8.720138156924897022e-01 1.405780062211589750e-02
8.713551134785972874e-01 1.373315633612784414e-02
8.706974122808844863e-01 1.361422982725515700e-02
8.700407098243457815e-01 1.369573414748201899e-02
8.693850038408645897e-01 1.398607440974604030e-02
8.687302920691865049e-01 1.450874922468434365e-02
8.680765722548944296e-01 1.530618034551884006e-02
8.674238421503817076e-01 1.644706208217338456e-02
8.667720995148274765e-01 1.803951674738313651e-02
8.661213421141702451e-01 2.025468838698596050e-02
8.654715677210825797e-01 2.337044228380806554e-02
8.648227741149460135e-01 2.785650688398500288e-02
8.641749590818260662e-01 3.455175704745395981e-02
8.635281204144459322e-01 4.506570074269297677e-02
8.628822559121630542e-01 6.278970795880553513e-02
8.622373633809428117e-01 9.581551502284696431e-02
8.615934406333348727e-01 1.669532025861621971e-01
8.609504854884478808e-01 3.551585360915454626e-01
8.603084957719245862e-01 9.198902969370337246e-01
8.596674693159180869e-01 1.109643579405383385e+00
8.590274039590676258e-01 4.409023847258397577e-01
8.583882975464732779e-01 1.958071449353804283e-01
8.577501479296728570e-01 1.080869119393864514e-01
8.571129529666173807e-01 6.913835326081740895e-02
8.564767105216475329e-01 4.889523021961463684e-02
8.558414184654691281e-01 3.718014472208983068e-02
8.552070746751304631e-01 2.987703944629509570e-02
8.545736770339977806e-01 2.508470443186190668e-02
8.539412234317323991e-01 2.183342354726720835e-02
8.533097117642669538e-01 1.959027379722232121e-02
8.526791399337824151e-01 1.804577088486617256e-02
8.520495058486844409e-01 1.701340994305416271e-02
8.514208074235810608e-01 1.637904246282829990e-02
8.507930425792590290e-01 1.607410795944168649e-02
8.501662092426609529e-01 1.606117819242546679e-02
8.495403053468634225e-01 1.632641243256327535e-02
8.489153288310529177e-01 1.687637253885832314e-02
8.482912776405048261e-01 1.773813347714618335e-02
8.476681497265592391e-01 1.896258011587435843e-02
8.470459430466005246e-01 2.063165063728911869e-02
8.464246555640331238e-01 2.287144482906712170e-02
8.458042852482609009e-01 2.587510175561162293e-02
8.451848300746642728e-01 2.994324610983450582e-02
8.445662880245785598e-01 3.555810903518060589e-02
8.439486570852717806e-01 4.352650150091693509e-02
8.433319352499233368e-01 5.527425001574624158e-02
8.427161205176016967e-01 7.350426099947261760e-02
8.421012108932438567e-01 1.038269023900219717e-01
8.414872043876323593e-01 1.593672880924705548e-01
8.408740990173753094e-01 2.761691433557916797e-01
8.402618928048841695e-01 5.755247152149717271e-01
8.396505837783531101e-01 1.487208388542659465e+00
8.390401699717372486e-01 2.209536554739864656e+00
8.384306494247324437e-01 9.228084679607702068e-01
8.378220201827533131e-01 3.922618474588510651e-01
8.372142802969139153e-01 2.078366241243806700e-01
8.366074278240052120e-01 1.280332390287320654e-01
8.360014608264755287e-01 8.721578862095401286e-02
8.353963773724099040e-01 6.378719898790941034e-02
8.347921755355094398e-01 4.919917360451061400e-02
8.341888533950707618e-01 3.956400043324730109e-02
8.335864090359655920e-01 3.291961545473874595e-02
8.329848405486213192e-01 2.819394804851340156e-02
8.323841460290002381e-01 2.476426132624586635e-02
8.317843235785793432e-01 2.225165284814522443e-02
8.311853713043307890e-01 2.041800318523609437e-02
8.305872873187017946e-01 1.911130524384602181e-02
8.299900697395953264e-01 1.823551390273709522e-02
8.293937166903496694e-01 1.773371768051881792e-02
8.287982262997192207e-01 1.757918417074582490e-02
8.282035967018550604e-01 1.777169004590614318e-02
8.276098260362853010e-01 1.833819138005000210e-02
8.270169124478957690e-01 1.933813862022864746e-02
8.264248540869109094e-01 2.087515966119943278e-02
8.258336491088743569e-01 2.311912071713893499e-02
8.252432956746299508e-01 2.634706881949628113e-02
8.246537919503025282e-01 3.102144388222018156e-02
8.240651361072794945e-01 3.794768144523429088e-02
8.234773263221912831e-01 4.861574668659861265e-02
8.228903607768931483e-01 6.601275662306639591e-02
8.223042376584461799e-01 9.680216348938333604e-02
8.217189551590983188e-01 1.581394004996367064e-01
8.211345114762669262e-01 3.034224858419566351e-01
8.205509048125191329e-01 7.309198345955040255e-01
8.199681333755539647e-01 1.628099527824899084e+00
8.193861953781843566e-01 9.418471686084666228e-01
8.188050890383181679e-01 3.707155750218154022e-01
8.182248125789409743e-01 1.826984295297614247e-01
8.176453642280968603e-01 1.073618231131632794e-01
8.170667422188715445e-01 7.080124692395312058e-02
8.164889447893737273e-01 5.052216702515759800e-02
8.159119701827177717e-01 3.816086808188939861e-02
8.153358166470054957e-01 3.008542311207606026e-02
8.147604824353085196e-01 2.452440349964271973e-02
8.141859658056509463e-01 2.053360997196804899e-02
8.136122650209919316e-01 1.757346765089418464e-02
8.130393783492074755e-01 1.531788399279623673e-02
8.124673040630737697e-01 1.356053550670684865e-02
8.118960404402498776e-01 1.216579196703907600e-02
8.113255857632597490e-01 1.104156876393277628e-02
8.107559383194760105e-01 1.012359852711547555e-02
8.101870964011019804e-01 9.365951182388643215e-03
8.096190583051557921e-01 8.735121574746394779e-03
8.090518223334518533e-01 8.206230663941388101e-03
8.084853867925854143e-01 7.760520144648071217e-03
8.079197499939151372e-01 7.383661655453331064e-03
8.073549102535461097e-01 7.064592363196045034e-03
8.067908658923140797e-01 6.794698683194013572e-03
8.062276152357675807e-01 6.567235214963981771e-03
8.056651566141525000e-01 6.376905803771914898e-03
8.051034883623950922e-01 6.219558518855578325e-03
8.045426088200856585e-01 6.091962233897951599e-03
8.039825163314624490e-01 5.991642871001560955e-03
8.034232092453948981e-01 5.916764291533443791e-03
8.028646859153683035e-01 5.866043546269417326e-03
8.023069446994668397e-01 5.838693521719537198e-03
8.017499839603575706e-01 5.834388446774611478e-03
8.011938020652754622e-01 5.853249592985439002e-03
8.006383973860062842e-01 5.895850052727687023e-03
8.000837682988714006e-01 5.963238897578414417e-03
7.995299131847115603e-01 6.056986467320716293e-03
7.989768304288720202e-01 6.179254185359743523e-03
7.984245184211856694e-01 6.332894338356011982e-03
7.978729755559587078e-01 6.521587962970065364e-03
7.973222002319541035e-01 6.750032734690454735e-03
7.967721908523768271e-01 7.024198133464868224e-03
7.962229458248578640e-01 7.351673076255996718e-03
7.956744635614396710e-01 7.742143115282746832e-03
7.951267424785598559e-01 8.208052598725154927e-03
7.945797809970371883e-01 8.765535911345998313e-03
7.940335775420553910e-01 9.435748015171403075e-03
7.934881305431488174e-01 1.024680032862431735e-02
7.929434384341873532e-01 1.123663602306821871e-02
7.923994996533605395e-01 1.245740149959502670e-02
7.918563126431641397e-01 1.398227102354024365e-02
7.913138758503841519e-01 1.591642787198114736e-02
7.907721877260825982e-01 1.841535699617323843e-02
7.902312467255827588e-01 2.171656668697734272e-02
7.896910513084544059e-01 2.619724864774329240e-02
7.891515999384994817e-01 3.248510595549982533e-02
7.886128910837371109e-01 4.168620134534969934e-02
7.880749232163893891e-01 5.589367185065079180e-02
7.875376948128672838e-01 7.944697554759709568e-02
7.870012043537557567e-01 1.224869046375966636e-01
7.864654503237995531e-01 2.128272838697556346e-01
7.859304312118895464e-01 4.439417316375051104e-01
7.853961455110483048e-01 1.147810524947986410e+00
7.848625917184152145e-01 1.720823035153434821e+00
7.843297683352333793e-01 7.206145976023450306e-01
7.837976738668355203e-01 3.054550195898926845e-01
7.832663068226294323e-01 1.613348512916279731e-01
7.827356657160847719e-01 9.905665399141980187e-02
7.822057490647187361e-01 6.723346965629448113e-02
7.816765553900826280e-01 4.897858811912676746e-02
7.811480832177480904e-01 3.761476781071959596e-02
7.806203310772933390e-01 3.010743205264913500e-02
7.800932975022893956e-01 2.492584980693785326e-02
7.795669810302870983e-01 2.123389016626523948e-02
7.790413802028033352e-01 1.854593299843862453e-02
7.785164935653069440e-01 1.656651123505164039e-02
7.779923196672065000e-01 1.510997161961498067e-02
7.774688570618361050e-01 1.405793982029739098e-02
7.769461043064428418e-01 1.333599515588420117e-02
7.764240599621726746e-01 1.290087871874514604e-02
7.759027225940580141e-01 1.273410376702260004e-02
7.753820907710043953e-01 1.284018048889003574e-02
7.748621630657770432e-01 1.324918296656316281e-02
7.743429380549885499e-01 1.402486376216959159e-02
7.738244143190854407e-01 1.528177663027596202e-02
7.733065904423354064e-01 1.721942793672086650e-02
7.727894650128144249e-01 2.019218538036457802e-02
7.722730366223942156e-01 2.486170049534870696e-02
7.717573038667289165e-01 3.256058361482295355e-02
7.712422653452427612e-01 4.626945887806336449e-02
7.707279196611178662e-01 7.367833489724022467e-02
7.702142654212805750e-01 1.387748707663075121e-01
7.697013012363898010e-01 3.306675456221027098e-01
7.691890257208247039e-01 7.276217760241923127e-01
7.686774374926710340e-01 4.174363114300381761e-01
7.681665351737101410e-01 1.665763282926701061e-01
7.676563173894056513e-01 8.401172557998630441e-02
7.671467827688916996e-01 5.093852009295200128e-02
7.666379299449603835e-01 3.494950931692892421e-02
7.661297575540497728e-01 2.616332112354512879e-02
7.656222642362318087e-01 2.090250874644502752e-02
7.651154486351999795e-01 1.757142874135574073e-02
7.646093093982576638e-01 1.539501412880530176e-02
7.641038451763053629e-01 1.396457562068446553e-02
7.635990546238293764e-01 1.305222458253295185e-02
7.630949363988903666e-01 1.252739110875625284e-02
7.625914891631101478e-01 1.231659132287383010e-02
7.620887115816609159e-01 1.238337206921639143e-02
7.615866023232530369e-01 1.271870124360692002e-02
7.610851600601240552e-01 1.333762510495995965e-02
7.605843834680258153e-01 1.428068955322924806e-02
7.600842712262135814e-01 1.562032078847377763e-02
7.595848220174349352e-01 1.747406406679702373e-02
7.590860345279170085e-01 2.002921640730407835e-02
7.585879074473558248e-01 2.358859075062808355e-02
7.580904394689049752e-01 2.865876983338858791e-02
7.575936292891632950e-01 3.613067854837898052e-02
7.570974756081650936e-01 4.767901676671518901e-02
7.566019771293674978e-01 6.673824467268650584e-02
7.561071325596391279e-01 1.012112416731463932e-01
7.556129406092498835e-01 1.723204273798979169e-01
7.551193999918591748e-01 3.496514842853306604e-01
7.546265094245050431e-01 8.883084259219103940e-01
7.541342676275923917e-01 1.554913831419717507e+00
7.536426733248828835e-01 7.022727272794294651e-01
7.531517252434836163e-01 2.898088826509588323e-01
7.526614221138355765e-01 1.497581881955019623e-01
7.521717626697037584e-01 9.063852787386314502e-02
7.516827456481655068e-01 6.090094584793845356e-02
7.511943697895995253e-01 4.401661876623205044e-02
7.507066338376764403e-01 3.357427871707573119e-02
7.502195365393462545e-01 2.670157787944312314e-02
7.497330766448292438e-01 2.196519499280665325e-02
7.492472529076040777e-01 1.858874239095117606e-02
7.487620640843979380e-01 1.612431215141514260e-02
7.482775089351755282e-01 1.430092689817698964e-02
7.477935862231289699e-01 1.294925821156692018e-02
7.473102947146670338e-01 1.196210069473149437e-02
7.468276331794044820e-01 1.127293668861773825e-02
7.463456003901520752e-01 1.084445285352123901e-02
7.458641951229062483e-01 1.066324207297070746e-02
7.453834161568382299e-01 1.073924786245911318e-02
7.449032622742841614e-01 1.111017831812697622e-02
7.444237322607348828e-01 1.185307248487606213e-02
7.439448249048254969e-01 1.310872335642536413e-02
7.434665389983253769e-01 1.513267038633138092e-02
7.429888733361279529e-01 1.840732363666620908e-02
7.425118267162404972e-01 2.391087150113558463e-02
7.420353979397749100e-01 3.384316212803373941e-02
7.415595858109359506e-01 5.391254966931075671e-02
7.410843891370132441e-01 1.020441014362589438e-01
7.406098067283698461e-01 2.448956853772625841e-01
7.401358373984332495e-01 5.264300164249786640e-01
7.396624799636850600e-01 2.910535222666285615e-01
7.391897332436514478e-01 1.163843541871890236e-01
7.387175960608930447e-01 5.866465606558608076e-02
7.382460672409956182e-01 3.529642449903893503e-02
7.377751456125600793e-01 2.385717143983283675e-02
7.373048300071927130e-01 1.746377356629475602e-02
7.368351192594960741e-01 1.353848626892887111e-02
7.363660122070585512e-01 1.095576511657179140e-02
7.358975076904453738e-01 9.164277006447826834e-03
7.354296045531893977e-01 7.869119555021487911e-03
7.349623016417807797e-01 6.901261631226311352e-03
7.344955978056584289e-01 6.158278727533507933e-03
7.340294918971995708e-01 5.575210881931138077e-03
7.335639827717111983e-01 5.109263930232773795e-03
7.330990692874204129e-01 4.731328867158463014e-03
7.326347503054653210e-01 4.421059687690287281e-03
7.321710246898853747e-01 4.163902196303945896e-03
7.317078913076123792e-01 3.949238744849629772e-03
7.312453490284619440e-01 3.769195260014270455e-03
7.307833967251224916e-01 3.617854326607164266e-03
7.303220332731482634e-01 3.490724569971073547e-03
7.298612575509486611e-01 3.384376146079386572e-03
7.294010684397801425e-01 3.296186574296404263e-03
7.289414648237368954e-01 3.224161642716954438e-03
7.284824455897412898e-01 3.166808657816844088e-03
7.280240096275358841e-01 3.123047193032652685e-03
7.275661558296739884e-01 3.092147585848282164e-03
7.271088830915106715e-01 3.073690834860445548e-03
7.266521903111939906e-01 3.067545919061064746e-03
7.261960763896565529e-01 3.073862318520070250e-03
7.257405402306059683e-01 3.093076939082266968e-03
7.252855807405169664e-01 3.125935942346595980e-03
7.248311968286220708e-01 3.173533337726108447e-03
7.243773874069027174e-01 3.237369796943521949e-03
7.239241513900818159e-01 3.319437242360221037e-03
7.234714876956134244e-01 3.422337678645661491e-03
7.230193952436754223e-01 3.549449002433280667e-03
7.225678729571606285e-01 3.705156972063330251e-03
7.221169197616678082e-01 3.895182537908301306e-03
7.216665345854939018e-01 4.127049699905216938e-03
7.212167163596246988e-01 4.410765157614892143e-03
7.207674640177278436e-01 4.759824838702294419e-03
7.203187764961427320e-01 5.192738145925931623e-03
7.198706527338728511e-01 5.735396022768736793e-03
7.194230916725783409e-01 6.424859356037543844e-03
7.189760922565661128e-01 7.315627265861867137e-03
7.185296534327824114e-01 8.490421281167413736e-03
7.180837741508049321e-01 1.007960510450917752e-02
7.176384533628336060e-01 1.229809648015313395e-02
7.171936900236833834e-01 1.552023195864001871e-02
7.167494830907755743e-01 2.044414227839234932e-02
7.163058315241300766e-01 2.849014644099845048e-02
7.158627342863562726e-01 4.289547695489040469e-02
7.154201903426463671e-01 7.224717356817371428e-02
7.149781986607670614e-01 1.442932251250033382e-01
7.145367582110504490e-01 3.617236464713916577e-01
7.140958679663869102e-01 6.852261726546517995e-01
7.136555269022177850e-01 3.277178444506747557e-01
7.132157339965261578e-01 1.334735693820287006e-01
7.127764882298298632e-01 6.828499749518793238e-02
7.123377885851728264e-01 4.118176237691657110e-02
7.118996340481186236e-01 2.770566536771068566e-02
7.114620236067412673e-01 2.012760070518319205e-02
7.110249562516181010e-01 1.548462277019786552e-02
7.105884309758215833e-01 1.246142982166892690e-02
7.101524467749130709e-01 1.040687215493776158e-02
7.097170026469329374e-01 8.971169293764890210e-03
7.092820975923948001e-01 7.954791254184601437e-03
7.088477306142759726e-01 7.239315032433098381e-03
7.084139007180123571e-01 6.753500722185273343e-03
7.079806069114892297e-01 6.455947734330692682e-03
7.075478482050333584e-01 6.326354458581658936e-03
7.071156236114064519e-01 6.361919143774446075e-03
7.066839321457979439e-01 6.577664689140855052e-03
7.062527728258162218e-01 7.011029995174398836e-03
7.058221446714822989e-01 7.732936839420929617e-03
7.053920467052217091e-01 8.871058655871004450e-03
7.049624779518581796e-01 1.065938404992709636e-02
7.045334374386051923e-01 1.355097811677950098e-02
7.041049241950589899e-01 1.850135493362831465e-02
7.036769372531912481e-01 2.778179676472754267e-02
7.032494756473425257e-01 4.774981669275235596e-02
7.028225384142138266e-01 1.002371205640579938e-01
7.023961245928601604e-01 2.589892098752994420e-01
7.019702332246832155e-01 3.327299503865397967e-01
7.015448633534240308e-01 1.338024681927193205e-01
7.011200140251566681e-01 5.869243171471903026e-02
7.006956842882795522e-01 3.199855153222801868e-02
7.002718731935095864e-01 2.019078336592522449e-02
6.998485797938749364e-01 1.404251578431357089e-02
6.994258031447079249e-01 1.045567655257875241e-02
6.990035423036375928e-01 8.184406856366338925e-03
6.985817963305833711e-01 6.655043596381314368e-03
6.981605642877477536e-01 5.575023051545193592e-03
6.977398452396098572e-01 4.782858293131208617e-03
6.973196382529170956e-01 4.183633532619639335e-03
6.968999423966802942e-01 3.718640872902656460e-03
6.964807567421655854e-01 3.350002253964794001e-03
6.960620803628879694e-01 3.052396355969087729e-03
6.956439123346040976e-01 2.808376981549017860e-03
6.952262517353060556e-01 2.605607512551861866e-03
6.948090976452143686e-01 2.435165780924814817e-03
6.943924491467712290e-01 2.290471196451715225e-03
6.939763053246338353e-01 2.166586393724215850e-03
6.935606652656673976e-01 2.059751304556922073e-03
6.931455280589395862e-01 1.967065463949907618e-03
6.927308927957124274e-01 1.886267208831624584e-03
6.923167585694364190e-01 1.815577651997956786e-03
6.919031244757443133e-01 1.753588880879668839e-03
6.914899896124435674e-01 1.699182972052459177e-03
6.910773530795111252e-01 1.651472929451995803e-03
6.906652139790857570e-01 1.609759581180456294e-03
6.902535714154615087e-01 1.573500416759544222e-03
6.898424244950825956e-01 1.542287684391555622e-03
6.894317723265355191e-01 1.515834029713269580e-03
6.890216140205434048e-01 1.493964698880998615e-03
6.886119486899593412e-01 1.476615962681877706e-03
6.882027754497599403e-01 1.463840040500396763e-03
6.877940934170393428e-01 1.455817512887312573e-03
6.873859017110028891e-01 1.452879136040725362e-03
6.869781994529595703e-01 1.455540299037660912e-03
6.865709857663179205e-01 1.464553402533751939e-03
6.861642597765781337e-01 1.480986718253362710e-03
6.857580206113261800e-01 1.506343774658802648e-03
6.853522674002278103e-01 1.542746814217362808e-03
6.849469992750218950e-01 1.593224911604100222e-03
6.845422153695156497e-01 1.662179110487808963e-03
6.841379148195766424e-01 1.756158723915532622e-03
6.837340967631269084e-01 1.885209074337835687e-03
6.833307603401387320e-01 2.065323217986414495e-03
6.829279046926264307e-01 2.323157586229252381e-03
6.825255289646413592e-01 2.705733540929478390e-03
6.821236323022653592e-01 3.302115671438869346e-03
6.817222138536049858e-01 4.297127922079953602e-03
6.813212727687861792e-01 6.123199651366134817e-03
6.809208081999469364e-01 9.968281387688472314e-03
6.805208193012319828e-01 1.983195341784228793e-02
6.801213052287872207e-01 4.987147664207229603e-02
6.797222651407540672e-01 7.340040498120303791e-02
6.793236981972616828e-01 3.112956909533735536e-02
6.789256035604231965e-01 1.375116729271048943e-02
6.785279803943291554e-01 7.711202965277459860e-03
6.781308278650414190e-01 5.101355882600662819e-03
6.777341451405874961e-01 3.771933081667267883e-03
6.773379313909547728e-01 3.015534581199351503e-03
6.769421857880848492e-01 2.552435054287392757e-03
6.765469075058681003e-01 2.255846504955022393e-03
6.761520957201366810e-01 2.062348290651697461e-03
6.757577496086606406e-01 1.938022037954342108e-03
6.753638683511403729e-01 1.864130720988536319e-03
6.749704511292028419e-01 1.830574338820685661e-03
6.745774971263944764e-01 1.832813704945177730e-03
6.741850055281756182e-01 1.870563384509903518e-03
6.737929755219160821e-01 1.947606239149472741e-03
6.734014062968888270e-01 2.072619870253024962e-03
6.730102970442635169e-01 2.261352895517770509e-03
6.726196469571025238e-01 2.541164215144719584e-03
6.722294552303546000e-01 2.960394035292557378e-03
6.718397210608496595e-01 3.608756881040586263e-03
6.714504436472926718e-01 4.665715043388665891e-03
6.710616221902586664e-01 6.529351481707705920e-03
6.706732558921876253e-01 1.021575061615357695e-02
6.702853439573785987e-01 1.885198240525011101e-02
6.698978855919839326e-01 4.400865936112043075e-02
6.695108800040048269e-01 1.009356379610583110e-01
6.691243264032847859e-01 6.285208136695326353e-02
6.687382240015056212e-01 2.491307782457625325e-02
6.683525720121812341e-01 1.245732943616423977e-02
6.679673696506516212e-01 7.531955946251843274e-03
6.675826161340796538e-01 5.168193927710082111e-03
6.671983106814439735e-01 3.871178999093059011e-03
6.668144525135341061e-01 3.090812395047075854e-03
6.664310408529455776e-01 2.590300587512233983e-03
6.660480749240746956e-01 2.255207693886480350e-03
6.656655539531131094e-01 2.025327234075163275e-03
6.652834771680425918e-01 1.867051829818798308e-03
6.649018437986295993e-01 1.761027910737573976e-03
6.645206530764209418e-01 1.696263262353566543e-03
6.641399042347385651e-01 1.667263560046300126e-03
6.637595965086729999e-01 1.672796522874185187e-03
6.633797291350798098e-01 1.715759800743554874e-03
6.630003013525739286e-01 1.804138358017875381e-03
6.626213124015252198e-01 1.953557706209560312e-03
6.622427615240519261e-01 2.192877998753304213e-03
6.618646479640166724e-01 2.576557655033631655e-03
6.614869709670222475e-01 3.214030445690413060e-03
6.611097297804050532e-01 4.347699135245838842e-03
6.607329236532306638e-01 6.593161479321742180e-03
6.603565518362889408e-01 1.183053223273850506e-02
6.599806135820897035e-01 2.699345777355028134e-02
6.596051081448567333e-01 6.295443207330821134e-02
6.592300347805235550e-01 4.137203607544592127e-02
6.588553927467277749e-01 1.644709731180019410e-02
6.584811813028077498e-01 8.261098729244098840e-03
6.581073997097962591e-01 5.048026642985764187e-03
6.577340472304156194e-01 3.512332482277500008e-03
6.573611231290740209e-01 2.670465751087484647e-03
6.569886266718599765e-01 2.162969207030467252e-03
6.566165571265375478e-01 1.835865351721865284e-03
6.562449137625415707e-01 1.614973484926151984e-03
6.558736958509727710e-01 1.461317169715642969e-03
6.555029026645935453e-01 1.353113305067714768e-03
6.551325334778229648e-01 1.277745232467722208e-03
6.547625875667314466e-01 1.227931705440022401e-03
6.543930642090369787e-01 1.199854406169931437e-03
6.540239626841002352e-01 1.192328168600279665e-03
6.536552822729192469e-01 1.206667997660949539e-03
6.532870222581257380e-01 1.247235899692037417e-03
6.529191819239791306e-01 1.322988411811363858e-03
6.525517605563638801e-01 1.450969946810617842e-03
6.521847574427832583e-01 1.664267461913173599e-03
6.518181718723550233e-01 2.031605591890126451e-03
6.514520031358073116e-01 2.711813833893846754e-03
6.510862505254740862e-01 4.131708256476508863e-03
6.507209133352902519e-01 7.689611970935014522e-03
6.503559908607872142e-01 1.851861933914193681e-02
6.499914823990881052e-01 3.218847117156877630e-02
6.496273872489041201e-01 1.494044881378686976e-02
6.492637047105295212e-01 6.505842272758768224e-03
6.489004340858366415e-01 3.640349624581854307e-03
6.485375746782723327e-01 2.428575108744506980e-03
6.481751257928533017e-01 1.816705377163108743e-03
6.478130867361612255e-01 1.467301424464872387e-03
6.474514568163388661e-01 1.249620463576226565e-03
6.470902353430851850e-01 1.105148916951809212e-03
6.467294216276517904e-01 1.004734046387546547e-03
6.463690149828379417e-01 9.326381001108258358e-04
6.460090147229857749e-01 8.798553094406508625e-04
6.456494201639768615e-01 8.410442982578947204e-04
6.452902306232281004e-01 8.130280198103469755e-04
6.449314454196858337e-01 7.940452135711172305e-04
6.445730638738235152e-01 7.834128741141502435e-04
6.442150853076359374e-01 7.814737002823652755e-04
6.438575090446355675e-01 7.898376497938016045e-04
6.435003344098487732e-01 8.120864023943788349e-04
6.431435607298106039e-01 8.554416264718443146e-04
6.427871873325610164e-01 9.348137730737788708e-04
6.424312135476414332e-01 1.083638779455007965e-03
6.420756387060890802e-01 1.387420583708250457e-03
6.417204621404341003e-01 2.108732918456708138e-03
6.413656831846943351e-01 4.218094546986120817e-03
6.410113011743723277e-01 9.109309273809802418e-03
6.406573154464505482e-01 5.983421729208587662e-03
6.403037253393866202e-01 2.655968720529765063e-03
6.399505301931105450e-01 1.560243794731836550e-03
6.395977293490199278e-01 1.125663862771543716e-03
6.392453221499759808e-01 9.152337425279833240e-04
6.388933079402989712e-01 7.979506918330656236e-04
6.385416860657652238e-01 7.257412104932303926e-04
6.381904558736021249e-01 6.779418074478885461e-04
6.378396167124844585e-01 6.445654727036340950e-04
6.374891679325310756e-01 6.203460484047960402e-04
6.371391088852987883e-01 6.023266600105276012e-04
6.367894389237813701e-01 5.887826331560032551e-04
6.364401574024033392e-01 5.787064997795389465e-04
6.360912636770165163e-01 5.715562158141047336e-04
6.357427571048965831e-01 5.671447629574401759e-04
6.353946370447387526e-01 5.656269351986256341e-04
6.350469028566542162e-01 5.675868540919450870e-04
6.346995539021654809e-01 5.742855638450791418e-04
6.343525895442031493e-01 5.882443101622436814e-04
6.340060091471019232e-01 6.146609878522828847e-04
6.336598120765964959e-01 6.652129346704776115e-04
6.333139976998183318e-01 7.698826211056777934e-04
6.329685653852908933e-01 1.021273234111712931e-03
6.326235145029261986e-01 1.762433002032390197e-03
6.322788444240216021e-01 3.421409620614083817e-03
6.319345545212551318e-01 2.275258832448427953e-03
6.315906441686819361e-01 1.175123504289063122e-03
6.312471127417307315e-01 8.119622816397751436e-04
6.309039596172005826e-01 6.664172762515972129e-04
6.305611841732553513e-01 5.951443328666848782e-04
6.302187857894218093e-01 5.549180614926577017e-04
6.298767638465848639e-01 5.297992077500055267e-04
6.295351177269847831e-01 5.129165999099477612e-04
6.291938468142120877e-01 5.009478724441080192e-04
6.288529504932049985e-01 4.921479269529942507e-04
6.285124281502455501e-01 4.855495721700808418e-04
6.281722791729559274e-01 4.806079786710528638e-04
6.278325029502941357e-01 4.770341504301571414e-04
6.274930988725512249e-01 4.747198320347739437e-04
6.271540663313470709e-01 4.737165056185211210e-04
6.268154047196278222e-01 4.742603330934155913e-04
6.264771134316605705e-01 4.768587577535040212e-04
6.261391918630307973e-01 4.824932037534603556e-04
6.258016394106390434e-01 4.930869999595356408e-04
6.254644554726969119e-01 5.126695095958004470e-04
6.251276394487232935e-01 5.506472331712251953e-04
6.247911907395410358e-01 6.326295190854643946e-04
6.244551087472737239e-01 8.437999222807058023e-04
6.241193928753416831e-01 1.491910049372329296e-03
6.237840425284588708e-01 2.140594718098579301e-03
6.234490571126286573e-01 1.163243520438425648e-03
6.231144360351414946e-01 7.306102379265967455e-04
6.227801787045704751e-01 5.806732444432152100e-04
6.224462845307678904e-01 5.154575522348668658e-04
6.221127529248624555e-01 4.814482715216534571e-04
6.217795832992550897e-01 4.612468071236082998e-04
6.214467750676162527e-01 4.480285380828056348e-04
6.211143276448818362e-01 4.387084836685252085e-04
6.207822404472499445e-01 4.317350107959337939e-04
6.204505128921778967e-01 4.262607023853717358e-04
6.201191443983783413e-01 4.217915424443442990e-04
6.197881343858158143e-01 4.180238926568709528e-04
6.194574822757039634e-01 4.147627840879087474e-04
6.191271874905015515e-01 4.118783374278150891e-04
6.187972494539096813e-01 4.092812792445897998e-04
6.184676675908679089e-01 4.069085666501146220e-04
6.181384413275509138e-01 4.047146213260815963e-04
6.178095700913661670e-01 4.026658055381499316e-04
6.174810533109496014e-01 4.007368395040980264e-04
6.171528904161620588e-01 3.989084180916591224e-04
6.168250808380872918e-01 3.971655892151250921e-04
6.164976240090274118e-01 3.954966281011233677e-04
6.161705193625008903e-01 3.938922416419029550e-04
6.158437663332380074e-01 3.923449969746317396e-04
6.155173643571777431e-01 3.908489052323756673e-04
6.151913128714662227e-01 3.893991145479314326e-04
6.148656113144516100e-01 3.879916812430160653e-04
6.145402591256813318e-01 3.866233978559954917e-04
6.142152557458991913e-01 3.852916631406274879e-04
6.138906006170425922e-01 3.839943835628416139e-04
6.135662931822383204e-01 3.827298988546270694e-04
6.132423328858001010e-01 3.814969263135708187e-04
6.129187191732251572e-01 3.802945200617135167e-04
6.125954514911913229e-01 3.791220425955224528e-04
6.122725292875537129e-01 3.779791468034575407e-04
6.119499520113415025e-01 3.768657672917433707e-04
6.116277191127547086e-01 3.757821204099273779e-04
6.113058300431617464e-01 3.747287128573439084e-04
6.109842842550956554e-01 3.737063592230121384e-04
6.106630812022513233e-01 3.727162093051015579e-04
6.103422203394817114e-01 3.717597866142386331e-04
6.100217011227963004e-01 3.708390401372214863e-04
6.097015230093567606e-01 3.699564122872704111e-04
6.093816854574740649e-01 3.691149270790954344e-04
6.090621879266056027e-01 3.683183040615653340e-04
6.087430298773524040e-01 3.675711055905868602e-04
6.084242107714559200e-01 3.668789278849834815e-04
6.081057300717949143e-01 3.662486503616227992e-04
6.077875872423822434e-01 3.656887635775284899e-04
6.074697817483625251e-01 3.652098046243802188e-04
6.071523130560089188e-01 3.648249414603153894e-04
6.068351806327194620e-01 3.645507667373892890e-04
6.065183839470148497e-01 3.644083909899359960e-04
6.062019224685357699e-01 3.644249709704742903e-04
6.058857956680389067e-01 3.646358824303225330e-04
6.055700030173948312e-01 3.650878671141073468e-04
6.052545439895845591e-01 3.658436863626155877e-04
6.049394180586972203e-01 3.669891644889737310e-04
6.046246246999267271e-01 3.686441322157547320e-04
6.043101633895686664e-01 3.709799430898116077e-04
6.039960336050180789e-01 3.742484817743522768e-04
6.036822348247663506e-01 3.788321311683422003e-04
6.033687665283974377e-01 3.853338900289253618e-04
6.030556281965866461e-01 3.947489914291492223e-04
6.027428193110960786e-01 4.088138085211149718e-04
6.024303393547733032e-01 4.307742040273607946e-04
6.021181878115475783e-01 4.672548010178814823e-04
6.018063641664269658e-01 5.334204026019518296e-04
6.014948679054960001e-01 6.697359349544416366e-04
6.011836985159129121e-01 1.007904212086930271e-03
6.008728554859065207e-01 2.033374847982377578e-03
6.005623383047731245e-01 3.431710837940178324e-03
6.002521464628745029e-01 1.771431234900028859e-03
5.999422794516345858e-01 9.222292509845500877e-04
5.996327367635373440e-01 6.353735767394959539e-04
5.993235178921224593e-01 5.150259000141881862e-04
5.990146223319847696e-01 4.547492950886400528e-04
5.987060495787697167e-01 4.206790339476178036e-04
5.983977991291717924e-01 3.997758307916052700e-04
5.980898704809310962e-01 3.862491892662362771e-04
5.977822631328305603e-01 3.772530989808023697e-04
5.974749765846939509e-01 3.712955381027222132e-04
5.971680103373829818e-01 3.675808235504036004e-04
5.968613638927936504e-01 3.657196390425993546e-04
5.965550367538547949e-01 3.656064066517026906e-04
5.962490284245250960e-01 3.673922074378919728e-04
5.959433384097900799e-01 3.715399588934389301e-04
5.956379662156593424e-01 3.789960835719830348e-04
5.953329113491644398e-01 3.915943260694447654e-04
5.950281733183560018e-01 4.130188367478982055e-04
5.947237516323016226e-01 4.513231611776071244e-04
5.944196458010814199e-01 5.265013769820170745e-04
5.941158553357877015e-01 6.977460717290938667e-04
5.938123797485214128e-01 1.179107826585646486e-03
5.935092185523891395e-01 2.489882122916682160e-03
5.932063712615008866e-01 2.100950716122932521e-03
5.929038373909674142e-01 1.000291229630166385e-03
5.926016164568981281e-01 6.331824392269085706e-04
5.922997079763977490e-01 4.936361324490079125e-04
5.919981114675643141e-01 4.282778350456173085e-04
5.916968264494859575e-01 3.927504634129711696e-04
5.913958524422396890e-01 3.713036036806345802e-04
5.910951889668871750e-01 3.573337433398116763e-04
5.907948355454735179e-01 3.477098338150199329e-04
5.904947917010241465e-01 3.408065160807985687e-04
5.901950569575422634e-01 3.357243459320199269e-04
5.898956308400068460e-01 3.319479019556395962e-04
5.895965128743694272e-01 3.291859212055201910e-04
5.892977025875520969e-01 3.272969823701087403e-04
5.889991995074448372e-01 3.262638221117448133e-04
5.887010031629033024e-01 3.262077538537874071e-04
5.884031130837461543e-01 3.274588244956335857e-04
5.881055288007521753e-01 3.307420010651123256e-04
5.878082498456587146e-01 3.376678983667090309e-04
5.875112757511586903e-01 3.521750407161826314e-04
5.872146060508982579e-01 3.855430898047243309e-04
5.869182402794738129e-01 4.772846606787022506e-04
5.866221779724309915e-01 7.517518719532715688e-04
5.863264186662611177e-01 7.998278889224762342e-04
5.860309618983984281e-01 4.958231231731399270e-04
5.857358072072190724e-01 3.871761653675983390e-04
5.854409541320375610e-01 3.471875645208903692e-04
5.851464022131049880e-01 3.287227993181328291e-04
5.848521509916064787e-01 3.186178653589454598e-04
5.845582000096580799e-01 3.123675909097543683e-04
5.842645488103062057e-01 3.081347391102293469e-04
5.839711969375235290e-01 3.050661276482800714e-04
5.836781439362070945e-01 3.027262399111247814e-04
5.833853893521767642e-01 3.008779468692147213e-04
5.830929327321715538e-01 2.993883212734101519e-04
5.828007736238487446e-01 2.981856239485172755e-04
5.825089115757804414e-01 2.972402719417258045e-04
5.822173461374515746e-01 2.965598615768242122e-04
5.819260768592579014e-01 2.961967764310493179e-04
5.816351032925035636e-01 2.962748607424883687e-04
5.813444249893985338e-01 2.970575798617445433e-04
5.810540415030565065e-01 2.991272586548065549e-04
5.807639523874925658e-01 3.039162328142862367e-04
5.804741571976212988e-01 3.155771323359656899e-04
5.801846554892539087e-01 3.488411339499048413e-04
5.798954468190963274e-01 4.467581118299902626e-04
5.796065307447467729e-01 4.447436524283034337e-04
5.793179068246943064e-01 3.458912595233405067e-04
5.790295746183147241e-01 3.113678134333065003e-04
5.787415336858704462e-01 2.981809858127381849e-04
5.784537835885069645e-01 2.917792775856674911e-04
5.781663238882511768e-01 2.880479904683428023e-04
5.778791541480091665e-01 2.855586498093018455e-04
5.775922739315633159e-01 2.837218192872726437e-04
5.773056828035710852e-01 2.822606599528606412e-04
5.770193803295626811e-01 2.810317253239437017e-04
5.767333660759375036e-01 2.799547691586159320e-04
5.764476396099642574e-01 2.789820621773344547e-04
5.761622004997765112e-01 2.780837547863230564e-04
